date,expiry,strike,opt_type,open,high,low,close,settle,volume,oi,oi_change,underlying
2026-01-06,2026-01-13,27450,PE,1153.75,1244.85,1153.75,1242.05,1242.6,6,325,195,26178.7
2026-01-06,2026-01-13,27500,PE,1223.6,1310.0,1215.55,1289.75,1289.75,29,4810,910,26178.7
2026-01-06,2026-01-13,27700,PE,1405.5,1497.85,1405.5,1483.35,1483.35,16,1040,780,26178.7
2026-01-06,2026-01-13,27950,PE,1722.0,1737.95,1722.0,1737.9,1741.85,3,325,-65,26178.7
2026-01-06,2026-01-20,24200,PE,3.0,3.0,2.35,2.35,2.35,52,6500,1495,26178.7
2026-01-06,2026-01-20,24750,PE,4.4,5.15,3.45,4.1,0.95,4,195,65,26178.7
2026-01-06,2026-01-20,25700,PE,27.55,33.5,22.4,25.5,25.5,9794,395265,132665,26178.7
2026-01-06,2026-01-20,26050,PE,89.25,104.15,72.8,91.2,91.2,2376,59475,21905,26178.7
2026-01-06,2026-01-20,26750,PE,468.2,527.0,468.2,527.0,579.9,4,585,65,26178.7
2026-01-06,2026-01-20,26950,PE,712.25,712.25,712.25,712.25,749.2,1,0,-65,26178.7
2026-01-06,2026-01-20,27050,PE,808.5,812.6,808.5,812.6,838.95,2,390,0,26178.7
2026-01-06,2026-01-27,24900,PE,11.25,13.25,10.15,10.8,10.8,4214,279110,-15730,26178.7
2026-01-06,2026-01-27,25100,PE,16.2,16.9,13.5,13.8,13.8,4324,468195,-3965,26178.7
2026-01-06,2026-01-27,27550,PE,1252.4,1252.4,1252.4,1252.4,1297.15,1,130,0,26178.7
2026-01-06,2026-01-27,28000,PE,1668.0,1718.9,1616.8,1698.85,1698.85,185,8125,1560,26178.7
2026-01-06,2026-02-03,24450,PE,0.0,0.0,0.0,15.7,3.35,0,390,0,26178.7
2026-01-06,2026-02-03,24650,PE,0.0,0.0,0.0,18.95,6.8,0,845,0,26178.7
2026-01-06,2026-02-03,25050,PE,28.45,30.55,27.65,27.65,27.65,24,1820,455,26178.7
2026-01-06,2026-02-03,26500,PE,347.3,411.6,335.0,389.2,389.2,769,47320,7150,26178.7
2026-01-06,2026-02-03,26650,PE,0.0,0.0,0.0,656.45,546.95,0,0,0,26178.7
2026-01-06,2026-02-03,26950,PE,0.0,0.0,0.0,660.0,764.95,0,65,0,26178.7
2026-01-06,2026-02-03,27000,PE,694.35,774.95,658.8,723.75,723.75,47,390,130,26178.7
2026-01-06,2026-02-03,27850,PE,0.0,0.0,0.0,1558.75,1566.5,0,0,0,26178.7
2026-01-06,2026-02-24,24350,PE,0.0,0.0,0.0,132.75,12.45,0,0,0,26178.7
2026-01-06,2026-02-24,24550,PE,25.95,30.0,25.25,30.0,20.25,52,3055,2275,26178.7
2026-01-06,2026-02-24,26350,PE,337.05,380.8,324.6,365.5,365.5,95,6825,910,26178.7
2026-01-06,2026-02-24,27500,PE,1084.35,1144.6,1027.5,1119.6,1119.6,271,107055,5915,26178.7
2026-01-06,2026-02-24,27900,PE,1434.85,1494.25,1376.4,1479.0,1565.25,18,10725,-195,26178.7
2026-01-06,2026-03-30,24000,PE,35.75,39.6,34.95,37.9,37.9,2096,2249435,-3950,26178.7
2026-01-06,2026-03-30,24850,PE,75.65,81.4,75.5,81.4,83.65,10,2210,-455,26178.7
2026-01-06,2026-03-30,25250,PE,115.2,124.0,114.85,124.0,147.0,41,2015,845,26178.7
2026-01-06,2026-03-30,25450,PE,157.9,158.2,150.45,154.9,189.95,17,715,715,26178.7
2026-01-06,2026-03-30,25750,PE,0.0,0.0,0.0,457.1,271.0,0,0,0,26178.7
2026-01-06,2026-03-30,26000,PE,268.9,292.5,255.3,283.1,283.1,5638,2176325,42270,26178.7
2026-01-06,2026-03-30,26600,PE,478.0,515.35,468.75,504.2,504.2,156,15405,5655,26178.7
2026-01-06,2026-06-30,24000,PE,98.0,100.35,90.0,94.5,94.5,689,488100,3115,26178.7
2026-01-06,2026-09-29,19500,PE,0.0,0.0,0.0,2.4,0.2,0,0,0,26178.7
2026-01-06,2026-12-29,13000,PE,0.0,0.0,0.0,1.1,0.05,0,2475,0,26178.7
2026-01-06,2026-12-29,21000,PE,81.1,84.0,80.0,82.45,82.45,31,54840,1105,26178.7
2026-01-06,2026-12-29,27000,PE,724.45,752.45,721.0,741.15,741.15,462,359580,2180,26178.7
2026-01-06,2027-06-29,19500,PE,0.0,0.0,0.0,17.3,3.6,0,0,0,26178.7
2026-01-06,2027-06-29,21000,PE,0.0,0.0,0.0,115.05,18.2,0,1025,0,26178.7
2026-01-06,2027-12-28,25000,PE,570.0,570.0,570.0,570.0,570.0,1,2080,-65,26178.7
2026-01-06,2027-12-28,26000,PE,783.5,784.0,780.0,780.0,780.0,4,5275,65,26178.7
2026-01-06,2028-12-26,20000,PE,0.0,0.0,0.0,330.0,22.55,0,1100,0,26178.7
2026-01-06,2029-06-26,21000,PE,0.0,0.0,0.0,320.25,49.9,0,0,0,26178.7
2026-01-06,2029-06-26,30000,PE,0.0,0.0,0.0,2031.05,1563.5,0,0,0,26178.7
2026-01-06,2029-06-26,33000,PE,0.0,0.0,0.0,3022.85,2880.15,0,0,0,26178.7
2026-01-06,2029-12-24,21000,PE,0.0,0.0,0.0,278.8,53.25,0,0,0,26178.7
2026-01-06,2029-12-24,25000,PE,0.0,0.0,0.0,1150.0,330.55,0,225,0,26178.7
2026-01-06,2026-02-24,24550,CE,1886.65,1886.65,1886.65,1886.65,1886.65,1,65,0,26178.7
2026-01-06,2028-06-27,27000,CE,0.0,0.0,0.0,2885.15,3404.1,0,0,0,26178.7
2026-01-06,2026-12-29,28500,CE,0.0,0.0,0.0,1055.7,845.25,0,0,0,26178.7
2026-01-06,2026-09-29,19500,CE,0.0,0.0,0.0,7303.95,7445.05,0,0,0,26178.7
2026-01-06,2026-03-30,26900,CE,399.0,426.2,374.9,382.35,382.35,207,18005,3835,26178.7
2026-01-06,2026-03-30,26550,CE,557.35,560.85,551.85,560.85,557.0,7,780,260,26178.7
2026-01-06,2026-03-30,26450,CE,610.9,610.9,610.9,610.9,610.9,1,325,65,26178.7
2026-01-06,2026-03-30,26250,CE,771.8,771.8,748.25,748.25,710.6,6,975,130,26178.7
2026-01-06,2026-03-30,24550,CE,0.0,0.0,0.0,1892.85,1986.1,0,0,0,26178.7
2026-01-06,2026-03-30,24300,CE,0.0,0.0,0.0,2103.1,2214.9,0,0,0,26178.7
2026-01-06,2026-02-24,27100,CE,158.2,172.85,138.35,141.45,141.45,1944,161395,21125,26178.7
2026-01-06,2026-02-24,26750,CE,279.2,305.9,255.55,259.05,259.05,108,7605,325,26178.7
2026-01-06,2026-02-24,26650,CE,327.4,353.2,294.1,300.0,300.0,109,10660,780,26178.7
2026-01-06,2026-02-24,25500,CE,1087.7,1130.75,1022.05,1040.1,1040.1,395,121225,-5005,26178.7
2026-01-06,2026-02-03,26800,CE,149.95,155.0,116.4,117.5,117.5,767,35685,31330,26178.7
2026-01-06,2026-02-24,26800,CE,259.8,283.9,231.0,238.3,238.3,2517,247390,31980,26178.7
2026-01-06,2026-02-24,27800,CE,0.0,0.0,0.0,237.6,58.75,0,0,0,26178.7
2026-01-06,2026-03-30,23000,CE,3605.0,3667.55,3548.0,3566.2,3566.2,221,478035,-1155,26178.7
2026-01-06,2026-03-30,24400,CE,0.0,0.0,0.0,2018.0,2122.65,0,0,0,26178.7
2026-01-06,2026-03-30,25200,CE,0.0,0.0,0.0,1391.75,1429.4,0,0,0,26178.7
2026-01-06,2026-03-30,25450,CE,0.0,0.0,0.0,1327.55,1235.0,0,0,0,26178.7
2026-01-06,2026-03-30,26100,CE,893.35,893.35,816.35,822.55,796.5,32,6565,-390,26178.7
2026-01-06,2026-01-06,25750,PE,1.0,1.25,0.05,0.1,26178.7,653706,2176460,-28990,26178.7
2026-01-06,2026-01-06,27200,PE,1000.0,1058.85,979.6,1025.2,26178.7,51,5395,130,26178.7
2026-01-06,2026-01-13,24050,PE,1.7,1.7,1.15,1.35,1.35,272,5655,2340,26178.7
2026-01-06,2026-01-13,24450,PE,3.2,3.2,1.35,1.6,1.6,290,5330,2405,26178.7
2026-01-06,2026-01-13,24650,PE,2.55,3.15,1.55,1.7,1.7,736,17485,6110,26178.7
2026-01-06,2026-01-13,24950,PE,3.25,3.45,1.85,2.05,2.05,2690,59020,19370,26178.7
2026-01-06,2026-01-13,25900,PE,29.35,33.4,18.3,22.35,22.35,249536,2668185,1223170,26178.7
2026-01-06,2026-01-13,26550,PE,355.0,380.0,267.45,355.15,355.15,2752,49465,-15665,26178.7
2026-01-06,2026-01-13,27750,PE,1531.9,1531.9,1531.9,1531.9,1542.05,1,195,65,26178.7
2026-01-06,2026-01-20,24400,PE,2.55,4.15,2.15,3.2,3.2,20,0,0,26178.7
2026-01-06,2026-01-20,24950,PE,4.5,6.1,4.5,5.0,5.0,99,65,65,26178.7
2026-01-06,2026-01-20,25300,PE,10.75,12.75,8.0,8.5,8.5,3517,179140,54925,26178.7
2026-01-06,2026-01-20,26300,PE,189.05,212.85,151.15,194.6,194.6,15968,332930,58890,26178.7
2026-01-06,2026-01-20,27200,PE,949.6,949.6,942.5,946.05,946.05,2,65,0,26178.7
2026-01-06,2026-01-20,27450,PE,1196.55,1196.55,1196.55,1196.55,1196.55,1,65,0,26178.7
2026-01-06,2026-01-27,24650,PE,10.7,10.7,8.4,8.85,2.75,38,21970,390,26178.7
2026-01-06,2026-01-27,24750,PE,10.85,11.45,8.6,9.25,9.25,296,36790,1365,26178.7
2026-01-06,2026-01-27,25350,PE,22.65,25.25,19.6,21.35,21.35,881,82810,11570,26178.7
2026-01-06,2026-01-27,25700,PE,50.0,55.0,40.6,48.35,48.35,19082,1242345,-63375,26178.7
2026-01-06,2026-01-27,26100,PE,127.95,151.4,110.0,137.8,137.8,57114,1904565,-981110,26178.7
2026-01-06,2026-01-27,27600,PE,1305.0,1309.7,1305.0,1309.7,1345.05,2,5720,65,26178.7
2026-01-06,2026-01-27,27650,PE,1357.25,1365.35,1357.25,1361.3,1361.3,2,130,0,26178.7
2026-01-06,2026-02-03,24400,PE,13.0,13.95,10.3,12.05,12.05,18,4680,325,26178.7
2026-01-06,2026-02-03,24500,PE,13.25,15.0,12.3,12.8,12.8,134,15275,3640,26178.7
2026-01-06,2026-02-03,24950,PE,25.25,27.35,23.8,23.85,23.85,29,1495,325,26178.7
2026-01-06,2026-02-03,25200,PE,35.35,39.35,33.65,35.95,35.95,256,9425,2665,26178.7
2026-01-06,2026-02-03,25750,PE,105.15,110.7,97.55,97.55,97.55,14,780,780,26178.7
2026-01-06,2026-02-03,26550,PE,0.0,0.0,0.0,598.35,482.35,0,0,0,26178.7
2026-01-06,2030-12-31,34500,PE,0.0,0.0,0.0,2953.45,2720.15,0,0,0,26178.7
2026-01-06,2028-06-27,21000,PE,0.0,0.0,0.0,907.2,37.95,0,0,0,26178.7
2026-01-06,2027-06-29,30000,PE,0.0,0.0,0.0,4562.55,2365.05,0,0,0,26178.7
2026-01-06,2026-12-29,24000,PE,208.0,212.0,201.0,208.55,208.55,157,324235,2550,26178.7
2026-01-06,2026-12-29,23000,PE,150.0,153.7,140.25,145.65,145.65,345,185930,8645,26178.7
2026-01-06,2026-12-29,15000,PE,0.0,0.0,0.0,20.05,0.05,0,1830,0,26178.7
2026-01-06,2026-09-29,18000,PE,0.0,0.0,0.0,7.25,0.05,0,0,0,26178.7
2026-01-06,2026-06-30,25500,PE,0.0,0.0,0.0,505.55,314.5,0,0,0,26178.7
2026-01-06,2026-06-30,18000,PE,0.0,0.0,0.0,3088.05,0.05,0,0,0,26178.7
2026-01-06,2026-06-30,14000,PE,0.0,0.0,0.0,18.4,0.05,0,1075,0,26178.7
2026-01-06,2026-03-30,27600,PE,1105.9,1105.9,1105.9,1105.9,1105.9,1,130,-65,26178.7
2026-01-06,2026-03-30,26100,PE,288.1,322.7,282.75,312.0,312.0,232,26195,-1755,26178.7
2026-01-06,2026-03-30,25650,PE,192.95,192.95,192.95,192.95,192.95,1,1105,0,26178.7
2026-01-06,2026-03-30,24450,PE,53.0,56.1,53.0,55.25,44.3,18,7995,0,26178.7
2026-01-06,2026-03-30,23000,PE,18.2,20.0,17.1,18.25,18.25,1055,864160,20120,26178.7
2026-01-06,2026-03-30,22000,PE,11.0,12.15,9.8,11.6,11.6,814,446215,15885,26178.7
2026-01-06,2026-03-30,21000,PE,8.25,9.95,8.0,9.15,9.15,205,514520,1470,26178.7
2026-01-06,2026-02-24,27950,PE,1558.95,1558.95,1558.95,1558.95,1610.65,1,2665,-65,26178.7
2026-01-06,2026-02-24,27650,PE,1257.55,1257.55,1250.25,1253.9,1253.9,2,65,0,26178.7
2026-01-06,2026-02-24,26950,PE,701.9,702.75,698.3,701.0,701.0,3,325,130,26178.7
2026-01-06,2026-02-24,26050,PE,234.35,262.0,220.95,249.75,249.75,82,6825,-455,26178.7
2026-01-06,2026-02-24,25350,PE,87.55,96.6,83.75,96.6,103.2,14,4030,390,26178.7
2026-01-06,2026-02-24,25300,PE,77.05,91.0,76.05,85.6,85.6,3183,556790,4875,26178.7
2026-01-06,2026-02-03,28050,PE,0.0,0.0,0.0,1736.55,1760.2,0,0,0,26178.7
2026-01-06,2026-02-24,27500,CE,74.6,83.65,65.25,66.5,66.5,8506,969280,15730,26178.7
2026-01-06,2026-02-24,27300,CE,110.8,120.65,94.3,96.7,96.7,2747,216385,21775,26178.7
2026-01-06,2026-02-24,26950,CE,200.0,221.7,182.95,186.3,186.3,83,11700,390,26178.7
2026-01-06,2026-02-24,24850,CE,1608.25,1608.25,1608.25,1608.25,1608.25,1,65,0,26178.7
2026-01-06,2026-02-24,24150,CE,0.0,0.0,0.0,2344.6,2213.75,0,65,0,26178.7
2026-01-06,2026-02-03,27800,CE,15.05,16.05,11.15,12.35,12.35,612,36595,3900,26178.7
2026-01-06,2026-02-03,27700,CE,0.0,0.0,0.0,97.9,18.7,0,0,0,26178.7
2026-01-06,2026-02-03,27350,CE,0.0,0.0,0.0,159.0,44.95,0,0,0,26178.7
2026-01-06,2026-02-03,27250,CE,0.0,0.0,0.0,181.15,56.6,0,0,0,26178.7
2026-01-06,2026-02-24,27400,CE,90.75,100.5,77.35,79.5,79.5,1415,149955,6500,26178.7
2026-01-06,2026-01-06,24300,CE,1909.35,1909.35,1861.1,1865.0,26178.7,6,195,-195,26178.7
2026-01-06,2026-01-06,24950,CE,1217.9,1217.9,1192.1,1192.1,26178.7,2,390,0,26178.7
2026-01-06,2026-01-06,25100,CE,1100.0,1173.75,1034.35,1078.6,26178.7,138,11570,-2730,26178.7
2026-01-06,2026-01-06,25150,CE,1059.15,1123.95,1003.0,1025.25,26178.7,62,7215,-1040,26178.7
2026-01-06,2026-01-06,26750,CE,0.7,1.0,0.05,0.1,26178.7,677439,1983670,-118950,26178.7
2026-01-06,2026-01-06,27200,CE,0.5,0.8,0.05,0.1,26178.7,377716,4584710,1245465,26178.7
2026-01-06,2026-01-06,27800,CE,0.55,0.55,0.05,0.1,26178.7,68827,956475,-341055,26178.7
2026-01-06,2026-01-06,28100,CE,0.35,0.45,0.05,0.1,26178.7,35578,383825,308555,26178.7
2026-01-06,2026-01-13,24300,CE,0.0,0.0,0.0,1968.1,1904.3,0,520,0,26178.7
2026-01-06,2026-01-13,24600,CE,1660.0,1695.0,1602.75,1602.75,1604.65,5,2405,260,26178.7
2026-01-06,2026-01-13,24750,CE,1454.3,1454.3,1454.3,1454.3,1454.8,1,130,0,26178.7
2026-01-06,2026-01-13,25600,CE,680.05,722.75,588.0,611.75,611.75,421,74425,8970,26178.7
2026-01-06,2026-01-13,25700,CE,598.05,628.0,494.65,515.2,515.2,2524,69485,14885,26178.7
2026-01-06,2026-01-13,26300,CE,88.4,134.95,64.3,69.25,69.25,608590,6144905,2470325,26178.7
2026-01-06,2026-01-13,26750,CE,8.0,11.6,4.6,5.0,5.0,107709,1678560,891085,26178.7
2026-01-06,2026-01-13,28100,CE,0.85,1.0,0.7,0.8,0.8,3916,139165,100750,26178.7
2026-01-06,2026-01-20,24100,CE,2145.15,2145.15,2145.15,2145.15,2145.15,1,65,0,26178.7
2026-01-06,2026-01-20,24400,CE,1839.8,1839.8,1839.8,1839.8,1830.25,1,65,0,26178.7
2026-01-06,2026-01-20,24600,CE,1648.25,1648.25,1642.05,1644.95,1644.95,4,65,0,26178.7
2026-01-06,2026-01-20,24750,CE,1504.15,1504.15,1498.55,1501.35,1501.35,2,65,0,26178.7
2026-01-06,2026-01-20,25300,CE,952.5,952.5,952.5,952.5,945.65,1,1495,0,26178.7
2026-01-06,2026-01-20,26300,CE,175.0,213.8,136.35,143.35,143.35,24634,468260,245635,26178.7
2026-01-06,2026-01-20,27950,CE,2.6,2.6,1.75,2.15,2.15,48,9100,1820,26178.7
2026-01-06,2026-01-27,24450,CE,0.0,0.0,0.0,1880.1,1807.05,0,65,0,26178.7
2026-01-06,2026-01-27,25150,CE,1151.6,1151.6,1151.6,1151.6,1126.5,1,910,0,26178.7
2026-01-06,2026-01-27,25800,CE,619.55,649.65,529.0,549.25,549.25,1574,177515,8710,26178.7
2026-01-06,2026-01-27,25850,CE,550.0,595.0,493.55,510.95,510.95,123,14170,-1235,26178.7
2026-01-06,2026-01-27,26100,CE,363.95,413.05,312.1,325.9,325.9,15907,1082640,43355,26178.7
2026-01-06,2030-12-31,25500,PE,0.0,0.0,0.0,538.25,351.65,0,0,0,26178.7
2026-01-06,2030-12-31,24000,PE,0.0,0.0,0.0,353.8,208.0,0,0,0,26178.7
2026-01-06,2029-12-24,31500,PE,0.0,0.0,0.0,2240.25,1963.05,0,0,0,26178.7
2026-01-06,2029-12-24,24000,PE,0.0,0.0,0.0,625.5,224.25,0,0,0,26178.7
2026-01-06,2028-12-26,34500,PE,0.0,0.0,0.0,4281.85,4105.25,0,0,0,26178.7
2026-01-06,2028-06-27,18000,PE,0.0,0.0,0.0,396.75,2.8,0,0,0,26178.7
2026-01-06,2027-12-28,24000,PE,421.0,421.0,413.0,415.15,415.15,38,5510,1610,26178.7
2026-01-06,2026-12-29,25500,PE,0.0,0.0,0.0,624.0,412.3,0,0,0,26178.7
2026-01-06,2026-06-30,21000,PE,27.25,28.7,26.0,26.5,26.5,245,558855,6900,26178.7
2026-01-06,2026-06-30,19500,PE,0.0,0.0,0.0,0.4,0.05,0,0,0,26178.7
2026-01-06,2026-06-30,16000,PE,16.7,16.7,16.7,16.7,16.7,5,1875,-325,26178.7
2026-01-06,2026-03-30,27150,PE,801.45,801.45,801.45,801.45,801.45,1,455,-65,26178.7
2026-01-06,2026-03-30,27000,PE,699.95,732.0,652.35,716.35,716.35,2779,1339420,-3365,26178.7
2026-01-06,2026-03-30,26900,PE,624.75,660.0,624.75,649.15,795.05,11,2795,455,26178.7
2026-01-06,2026-03-30,26700,PE,510.0,559.35,506.0,550.0,550.0,44,13260,2015,26178.7
2026-01-06,2026-03-30,25350,PE,134.2,141.75,132.25,138.65,138.65,77,5200,3510,26178.7
2026-01-06,2026-02-24,27350,PE,1001.9,1001.9,1001.9,1001.9,1001.9,1,130,65,26178.7
2026-01-06,2026-02-24,27300,PE,961.5,961.5,961.5,961.5,961.5,1,1885,0,26178.7
2026-01-06,2026-02-24,27100,PE,802.45,820.05,794.75,798.75,798.75,17,18850,195,26178.7
2026-01-06,2026-02-24,27050,PE,773.55,774.05,773.5,773.75,773.75,8,585,-130,26178.7
2026-01-06,2026-02-24,27000,PE,663.35,752.4,655.75,732.9,732.9,1274,415415,13520,26178.7
2026-01-06,2026-02-24,24400,PE,23.0,27.4,23.0,24.15,24.15,132,6955,4290,26178.7
2026-01-06,2026-02-24,24250,PE,0.0,0.0,0.0,21.7,9.65,0,520,0,26178.7
2026-01-06,2026-01-27,26200,CE,330.0,344.0,252.4,264.4,264.4,70288,2242045,471965,26178.7
2026-01-06,2026-01-27,26350,CE,217.05,252.6,176.55,185.35,185.35,7310,240565,1235,26178.7
2026-01-06,2026-01-27,26750,CE,69.8,84.45,52.0,54.15,54.15,5009,239265,-34710,26178.7
2026-01-06,2026-01-27,26800,CE,56.95,72.0,43.65,45.55,45.55,39792,2310880,-280345,26178.7
2026-01-06,2026-01-27,27000,CE,28.0,38.4,23.5,24.1,24.1,71178,5418660,96265,26178.7
2026-01-06,2026-01-27,27050,CE,27.35,31.4,19.35,19.75,19.75,3009,171275,-5655,26178.7
2026-01-06,2026-02-03,24300,CE,0.0,0.0,0.0,2066.55,1982.9,0,0,0,26178.7
2026-01-06,2026-02-03,24450,CE,0.0,0.0,0.0,1925.4,1834.95,0,0,0,26178.7
2026-01-06,2026-02-03,24650,CE,0.0,0.0,0.0,1740.85,1639.25,0,0,0,26178.7
2026-01-06,2026-02-03,24900,CE,0.0,0.0,0.0,1517.65,1398.8,0,0,0,26178.7
2026-01-06,2026-02-03,25050,CE,0.0,0.0,0.0,1388.55,1257.95,0,0,0,26178.7
2026-01-06,2026-02-03,26300,CE,376.35,390.0,320.75,330.65,330.65,275,25480,1300,26178.7
2026-01-06,2026-02-03,26350,CE,324.45,351.6,296.55,306.25,306.25,46,7085,2340,26178.7
2026-01-06,2026-02-03,26500,CE,267.7,287.45,225.85,231.85,231.85,1654,110305,30940,26178.7
2026-01-06,2026-02-03,25800,PE,108.0,122.0,96.75,112.4,112.4,641,30160,25350,26178.7
2026-01-06,2026-02-03,25450,PE,58.95,60.65,57.0,57.6,57.6,24,2275,1300,26178.7
2026-01-06,2026-02-03,24250,PE,0.0,0.0,0.0,19.2,1.55,0,0,0,26178.7
2026-01-06,2026-01-27,28100,PE,0.0,0.0,0.0,1739.35,1834.35,0,65,0,26178.7
2026-01-06,2026-01-27,27800,PE,1434.95,1498.0,1434.95,1480.05,1539.05,8,41860,195,26178.7
2026-01-06,2026-01-27,27750,PE,1451.85,1451.85,1451.85,1451.85,1451.85,1,195,0,26178.7
2026-01-06,2026-01-27,27700,PE,1364.6,1364.6,1360.0,1360.0,1441.65,2,12870,65,26178.7
2026-01-06,2026-01-27,26200,PE,175.0,191.8,141.2,176.25,176.25,80037,2623010,174850,26178.7
2026-01-06,2026-01-27,25750,PE,51.65,62.95,46.5,55.6,55.6,3972,168415,10660,26178.7
2026-01-06,2026-01-27,25500,PE,33.05,35.15,26.95,30.5,30.5,30719,2993770,306865,26178.7
2026-01-06,2026-01-27,24200,PE,7.0,7.0,5.25,5.6,5.6,422,69485,2860,26178.7
2026-01-06,2026-01-27,24050,PE,5.25,6.2,4.5,5.4,5.4,161,5005,975,26178.7
2026-01-06,2026-01-20,26350,PE,192.35,240.85,174.9,221.0,221.0,1831,47515,1495,26178.7
2026-01-06,2026-01-20,25850,PE,45.75,54.35,37.25,44.25,44.25,2660,69160,25935,26178.7
2026-01-06,2026-01-20,25150,PE,8.5,8.75,6.35,7.0,7.0,354,31655,-4290,26178.7
2026-01-06,2026-03-30,26500,CE,602.0,650.0,571.0,581.75,581.75,1349,263185,23140,26178.7
2026-01-06,2026-03-30,26600,CE,549.9,572.0,523.0,526.1,526.1,185,28080,6110,26178.7
2026-01-06,2026-03-30,26950,CE,0.0,0.0,0.0,432.05,389.45,0,2470,0,26178.7
2026-01-06,2026-03-30,27150,CE,302.0,302.0,279.5,285.25,320.9,22,3770,-65,26178.7
2026-01-06,2026-03-30,27300,CE,241.0,266.0,231.25,234.9,234.9,125,14495,-2015,26178.7
2026-01-06,2026-03-30,27800,CE,0.0,0.0,0.0,225.85,159.6,0,0,0,26178.7
2026-01-06,2026-06-30,27000,CE,822.0,865.35,786.45,804.3,804.3,1695,948090,30010,26178.7
2026-01-06,2026-06-30,28500,CE,0.0,0.0,0.0,407.5,293.35,0,0,0,26178.7
2026-01-06,2026-06-30,31000,CE,30.75,33.15,27.3,31.6,31.6,219,35530,5005,26178.7
2026-01-06,2026-12-29,18000,CE,0.0,0.0,0.0,4501.45,9121.45,0,0,0,26178.7
2026-01-06,2027-06-29,18000,CE,0.0,0.0,0.0,4066.45,9583.3,0,0,0,26178.7
2026-01-06,2027-06-29,34500,CE,0.0,0.0,0.0,304.2,154.2,0,0,0,26178.7
2026-01-06,2027-12-28,19500,CE,0.0,0.0,0.0,8684.7,8693.75,0,0,0,26178.7
2026-01-06,2027-12-28,31500,CE,0.0,0.0,0.0,1259.55,917.45,0,0,0,26178.7
2026-01-06,2028-06-27,21000,CE,0.0,0.0,0.0,5226.55,7888.25,0,0,0,26178.7
2026-01-06,2028-06-27,30000,CE,0.0,0.0,0.0,2278.45,1898.45,0,0,0,26178.7
2026-01-06,2028-06-27,31500,CE,0.0,0.0,0.0,1784.8,1361.1,0,0,0,26178.7
2026-01-06,2028-06-27,34500,CE,0.0,0.0,0.0,1003.35,649.05,0,0,0,26178.7
2026-01-06,2028-12-26,24000,CE,0.0,0.0,0.0,5850.3,6029.55,0,0,0,26178.7
2026-01-06,2028-12-26,25500,CE,0.0,0.0,0.0,5309.05,4958.95,0,0,0,26178.7
2026-01-06,2028-12-26,30000,CE,0.0,0.0,0.0,2510.0,2425.6,0,8305,0,26178.7
2026-01-06,2028-12-26,31500,CE,0.0,0.0,0.0,2327.6,1832.6,0,0,0,26178.7
2026-01-06,2029-06-26,31500,CE,0.0,0.0,0.0,2878.65,2321.05,0,0,0,26178.7
2026-01-06,2026-01-06,24000,PE,0.5,0.55,0.05,0.05,26178.7,92169,3156335,-1220895,26178.7
2026-01-06,2026-01-06,25000,PE,0.5,0.8,0.05,0.05,26178.7,597683,5966155,-495105,26178.7
2026-01-06,2026-01-06,25450,PE,0.65,0.95,0.05,0.1,26178.7,225499,1218880,12155,26178.7
2026-01-06,2026-01-06,25800,PE,1.0,1.4,0.05,0.1,26178.7,1550902,5333900,-3132675,26178.7
2026-01-06,2026-01-06,26200,PE,50.0,72.0,14.2,24.4,26178.7,33854516,7576335,-5923710,26178.7
2026-01-06,2026-01-06,26750,PE,515.05,618.7,479.5,573.75,26178.7,595,31915,-2340,26178.7
2026-01-06,2026-01-06,27800,PE,1655.0,1655.0,1627.35,1627.35,26178.7,2,325,-65,26178.7
2026-01-06,2026-01-13,24400,PE,1.95,2.25,1.3,1.45,1.45,2317,33280,2535,26178.7
2026-01-06,2026-01-13,25450,PE,6.1,6.85,3.75,4.0,4.0,46620,605865,493610,26178.7
2026-01-06,2026-01-13,25850,PE,24.0,26.75,14.85,16.85,16.85,158219,1310335,525135,26178.7
2026-01-06,2026-01-13,26150,PE,83.45,101.25,59.95,84.35,84.35,380370,2035345,1306175,26178.7
2026-01-06,2026-01-13,27600,PE,1392.65,1397.8,1392.65,1397.8,1392.25,2,260,65,26178.7
2026-01-06,2026-01-13,27850,PE,1640.1,1640.1,1640.1,1640.1,1641.95,1,390,0,26178.7
2026-01-06,2026-01-13,27900,PE,1645.0,1702.0,1601.25,1685.15,1685.15,441,53430,5330,26178.7
2026-01-06,2026-01-20,24050,PE,1.7,3.9,1.7,3.75,0.05,20,0,0,26178.7
2026-01-06,2026-01-20,24100,PE,3.25,3.35,2.3,2.6,2.6,309,30225,14885,26178.7
2026-01-06,2026-02-03,24700,CE,0.0,0.0,0.0,1695.5,1590.75,0,0,0,26178.7
2026-01-06,2026-02-03,24200,CE,0.0,0.0,0.0,2161.65,2081.85,0,0,0,26178.7
2026-01-06,2026-01-27,27750,CE,6.6,6.6,4.0,4.15,4.15,753,28210,-3705,26178.7
2026-01-06,2026-01-27,26600,CE,116.75,134.0,84.55,88.7,88.7,37308,1759615,462670,26178.7
2026-01-06,2026-01-27,25200,CE,1165.05,1180.0,1090.8,1099.7,1099.7,89,48685,-780,26178.7
2026-01-06,2026-01-27,24500,CE,1847.25,1870.25,1761.9,1780.55,1780.55,118,259675,-1885,26178.7
2026-01-06,2026-01-27,23950,CE,2336.7,2336.7,2336.7,2336.7,2336.7,1,65,0,26178.7
2026-01-06,2026-01-20,27850,CE,2.0,2.8,2.0,2.1,2.1,32,4940,0,26178.7
2026-01-06,2026-01-20,25900,CE,480.05,500.0,387.0,401.8,401.8,421,48230,3510,26178.7
2026-01-06,2026-01-20,25750,CE,580.65,580.65,508.4,529.05,529.05,7,1105,65,26178.7
2026-01-06,2026-01-20,24550,PE,0.0,0.0,0.0,48.1,0.3,0,0,0,26178.7
2026-01-06,2026-01-20,24800,PE,5.2,5.2,3.2,3.8,3.8,985,58825,35750,26178.7
2026-01-06,2026-01-20,25600,PE,23.0,24.7,17.55,18.45,18.45,8073,324090,117000,26178.7
2026-01-06,2026-01-20,25800,PE,38.55,46.25,32.2,36.65,36.65,10990,355940,126425,26178.7
2026-01-06,2026-01-20,26150,PE,113.05,140.85,99.6,125.75,125.75,6907,121810,63245,26178.7
2026-01-06,2026-01-20,26550,PE,332.65,372.65,302.3,355.55,355.55,97,3965,455,26178.7
2026-01-06,2026-01-20,26850,PE,527.5,527.5,527.5,527.5,662.65,1,325,65,26178.7
2026-01-06,2026-01-20,27300,PE,1035.0,1042.45,1035.0,1042.45,1042.45,2,260,0,26178.7
2026-01-06,2026-01-20,27550,PE,1306.1,1306.1,1306.1,1306.1,1316.6,1,65,0,26178.7
2026-01-06,2026-01-27,24100,PE,5.8,6.75,4.85,5.3,5.3,563,26325,-7150,26178.7
2026-01-06,2026-01-27,24250,PE,7.35,7.6,5.25,6.0,6.0,260,37505,1430,26178.7
2026-01-06,2026-01-27,24550,PE,13.7,13.7,6.7,7.6,7.6,147,22165,-1235,26178.7
2026-01-06,2026-01-27,24800,PE,11.8,12.7,9.2,9.75,9.75,5998,549640,-27625,26178.7
2026-01-06,2026-01-27,25200,PE,18.5,19.7,15.95,16.6,16.6,8128,1102985,-39390,26178.7
2026-01-06,2026-01-27,25550,PE,33.2,38.9,29.35,33.4,33.4,2114,201955,29900,26178.7
2026-01-06,2026-01-27,26250,PE,186.8,214.45,158.25,196.7,196.7,13600,362960,37050,26178.7
2026-01-06,2026-02-03,24300,PE,0.0,0.0,0.0,21.35,1.9,0,0,0,26178.7
2026-01-06,2026-02-03,24550,PE,15.0,15.0,15.0,15.0,4.8,5,780,-325,26178.7
2026-01-06,2026-02-03,24700,PE,16.15,18.5,16.15,17.65,17.65,12,2405,260,26178.7
2026-01-06,2026-02-03,25400,PE,51.25,56.6,45.8,51.4,51.4,83,3900,3575,26178.7
2026-01-06,2026-02-03,26250,PE,244.2,272.15,226.55,264.7,264.7,83,3380,1495,26178.7
2026-01-06,2026-02-03,26800,PE,0.0,0.0,0.0,749.3,651.65,0,0,0,26178.7
2026-01-06,2026-02-03,27400,PE,0.0,0.0,0.0,1182.15,1145.85,0,0,0,26178.7
2026-01-06,2026-02-03,27550,PE,0.0,0.0,0.0,1303.55,1282.95,0,0,0,26178.7
2026-01-06,2026-02-03,27750,PE,0.0,0.0,0.0,1472.0,1470.85,0,0,0,26178.7
2026-01-06,2026-02-24,25000,PE,54.05,60.05,49.35,56.4,56.4,5826,1046825,30355,26178.7
2026-01-06,2026-02-24,25050,PE,55.45,63.0,54.7,59.25,59.25,36,2990,1235,26178.7
2026-01-06,2026-02-24,25750,PE,160.0,174.0,145.55,163.35,163.35,88,19110,-1170,26178.7
2026-01-06,2026-02-24,26500,PE,430.0,454.55,385.75,437.5,437.5,9844,1928550,185185,26178.7
2026-01-06,2026-02-24,26850,PE,635.0,635.0,634.9,634.95,634.95,2,390,0,26178.7
2026-01-06,2026-02-24,26900,PE,650.1,681.2,650.05,664.95,664.95,73,35490,2470,26178.7
2026-01-06,2026-03-30,24500,PE,53.15,58.85,52.6,56.25,56.25,3814,209625,122525,26178.7
2026-01-06,2026-03-30,24800,PE,73.45,79.5,71.9,75.8,75.8,145,9880,3900,26178.7
2026-01-06,2026-03-30,25150,PE,104.65,113.35,104.65,108.55,108.55,18,1755,-195,26178.7
2026-01-06,2026-03-30,25950,PE,264.95,266.5,264.9,265.2,265.2,9,4160,-455,26178.7
2026-01-06,2026-03-30,26750,PE,553.55,553.55,553.55,553.55,706.8,1,650,-65,26178.7
2026-01-06,2026-03-30,26950,PE,683.9,685.15,680.8,683.55,683.55,5,325,195,26178.7
2026-01-06,2026-03-30,27200,PE,832.45,832.45,831.35,832.0,832.0,8,5200,-520,26178.7
2026-01-06,2026-03-30,27900,PE,0.0,0.0,0.0,1289.85,1516.5,0,130,0,26178.7
2026-01-06,2026-06-30,22000,PE,37.4,38.4,36.0,37.9,37.9,85,115970,2080,26178.7
2026-01-06,2026-06-30,33000,PE,0.0,0.0,0.0,5977.5,5966.35,0,0,0,26178.7
2026-01-06,2026-09-29,23000,PE,87.3,90.0,87.0,90.0,90.0,14,6195,520,26178.7
2026-01-06,2026-09-29,28500,PE,0.0,0.0,0.0,2027.55,1763.85,0,0,0,26178.7
2026-01-06,2026-09-29,30000,PE,0.0,0.0,0.0,2600.0,2881.0,0,65,0,26178.7
2026-01-06,2026-09-29,34500,PE,0.0,0.0,0.0,7064.95,6974.1,0,0,0,26178.7
2026-01-06,2026-12-29,17000,PE,48.0,48.0,32.0,32.0,32.0,3,2915,0,26178.7
2026-01-06,2026-12-29,20000,PE,70.0,83.0,65.5,69.9,69.9,55,48110,2990,26178.7
2026-01-06,2026-12-29,25000,PE,324.0,326.95,311.0,322.05,322.05,389,662460,5270,26178.7
2026-01-06,2027-06-29,27000,PE,0.0,0.0,0.0,6273.45,881.15,0,0,0,26178.7
2026-01-06,2027-12-28,25500,PE,0.0,0.0,0.0,676.05,454.55,0,0,0,26178.7
2026-01-06,2027-12-28,34500,PE,0.0,0.0,0.0,5258.65,5134.9,0,0,0,26178.7
2026-01-06,2028-12-26,18000,PE,0.0,0.0,0.0,250.0,4.3,0,75,0,26178.7
2026-01-06,2029-06-26,22500,PE,0.0,0.0,0.0,224.45,113.9,0,0,0,26178.7
2026-01-06,2029-06-26,26000,PE,0.0,0.0,0.0,900.0,497.3,0,50,0,26178.7
2026-01-06,2029-12-24,18000,PE,0.0,0.0,0.0,96.5,7.2,0,0,0,26178.7
2026-01-06,2030-12-31,30000,PE,0.0,0.0,0.0,1450.1,1181.4,0,0,0,26178.7
2026-01-06,2030-12-31,33000,PE,0.0,0.0,0.0,2387.3,2126.9,0,0,0,26178.7
2026-01-06,2026-01-13,27800,CE,0.9,1.0,0.75,0.9,0.9,17208,654095,504725,26178.7
2026-01-06,2026-01-13,27050,CE,3.3,3.55,1.9,2.05,2.05,37829,529360,217620,26178.7
2026-01-06,2026-01-13,26150,CE,196.4,231.6,132.85,143.3,143.3,209506,1517880,1173510,26178.7
2026-01-06,2026-01-13,25300,CE,960.05,1019.05,886.85,907.6,907.6,67,41405,1170,26178.7
2026-01-06,2026-01-13,24500,CE,1782.7,1782.7,1686.0,1705.25,1705.25,128,9035,7020,26178.7
2026-01-06,2026-01-06,27950,CE,0.4,0.5,0.05,0.05,26178.7,33469,980980,-156000,26178.7
2026-01-06,2026-01-06,25900,CE,345.0,375.0,230.4,276.4,26178.7,79461,216970,-129740,26178.7
2026-01-06,2026-01-06,24600,CE,1545.0,1547.0,1544.7,1544.7,26178.7,11,1755,-130,26178.7
2026-01-06,2026-01-06,24200,CE,0.0,0.0,0.0,2125.0,26178.7,0,195,0,26178.7
2026-01-06,2026-02-03,25600,CE,0.0,0.0,0.0,955.95,781.3,0,0,0,26178.7
2026-01-06,2026-02-24,24050,CE,2360.1,2360.1,2360.1,2360.1,2360.1,1,0,-65,26178.7
2026-01-06,2026-02-24,24500,CE,1980.0,1991.05,1907.95,1917.0,1876.9,53,18525,1235,26178.7
2026-01-06,2026-02-24,24750,CE,1689.05,1689.05,1689.05,1689.05,1689.05,1,65,0,26178.7
2026-01-06,2026-02-24,25550,CE,985.9,985.9,985.9,985.9,985.9,1,390,-65,26178.7
2026-01-06,2026-02-24,25750,CE,862.05,866.3,841.8,844.75,814.75,16,1170,-195,26178.7
2026-01-06,2026-02-24,25900,CE,797.8,813.15,713.9,728.7,728.7,84,31525,-1300,26178.7
2026-01-06,2026-02-24,26000,CE,705.0,746.05,648.2,663.6,663.6,3495,719615,-16835,26178.7
2026-01-06,2026-01-13,26350,CE,87.95,109.7,48.4,51.65,51.65,269036,3447925,2170220,26178.7
2026-01-06,2026-01-20,24900,CE,1348.45,1348.45,1348.45,1348.45,1333.3,1,65,0,26178.7
2026-01-06,2026-01-20,25550,CE,704.75,704.75,704.75,704.75,717.9,1,585,-65,26178.7
2026-01-06,2026-01-20,26150,CE,281.95,310.45,216.0,225.1,225.1,4096,78520,58175,26178.7
2026-01-06,2026-01-20,26700,CE,45.65,56.5,28.25,29.55,29.55,18138,507130,132535,26178.7
2026-01-06,2026-01-20,27550,CE,0.0,0.0,0.0,3.45,3.35,0,65,0,26178.7
2026-01-06,2026-01-27,25300,CE,1085.0,1089.0,991.0,1000.05,1000.05,131,23010,2860,26178.7
2026-01-06,2026-01-27,25550,CE,769.6,769.6,767.0,767.0,767.0,4,3770,-260,26178.7
2026-01-06,2026-01-27,27350,CE,10.6,12.85,8.0,8.7,8.7,866,52975,-4030,26178.7
2026-01-06,2026-01-27,27550,CE,6.15,8.4,5.65,5.9,5.9,186,40235,2925,26178.7
2026-01-06,2026-02-03,24600,CE,0.0,0.0,0.0,1786.55,1688.0,0,0,0,26178.7
2026-01-06,2026-02-03,25250,CE,0.0,0.0,0.0,1223.25,1076.05,0,0,0,26178.7
2026-01-06,2026-02-03,25750,CE,0.0,0.0,0.0,851.4,667.15,0,0,0,26178.7
2026-01-06,2026-02-03,26100,CE,484.45,507.0,440.95,445.65,445.65,88,5395,1495,26178.7
2026-01-06,2026-02-03,26150,CE,453.2,453.2,407.9,418.55,418.55,102,6045,4225,26178.7
2026-01-06,2026-02-03,26250,CE,399.65,420.9,348.45,361.95,361.95,82,5070,3185,26178.7
2026-01-06,2026-01-13,25250,CE,990.0,990.0,944.6,957.55,957.55,33,1755,1625,26178.7
2026-01-06,2026-01-06,27400,CE,0.6,0.75,0.05,0.1,26178.7,145350,1450865,183040,26178.7
2026-01-06,2026-01-06,26500,CE,1.85,2.45,0.05,0.1,26178.7,3047716,8944390,-5592535,26178.7
2026-01-06,2026-01-06,26300,CE,12.25,26.8,0.05,0.15,26178.7,16285284,12923950,-4995055,26178.7
2026-01-06,2026-01-06,25800,CE,461.8,473.85,330.0,375.85,26178.7,14758,76375,-33085,26178.7
2026-01-06,2026-02-03,26550,CE,262.45,262.5,211.0,211.0,211.0,24,5005,845,26178.7
2026-01-06,2026-02-03,27100,CE,70.35,77.65,55.75,57.1,57.1,381,15210,9165,26178.7
2026-01-06,2026-02-03,27550,CE,0.0,0.0,0.0,121.2,27.6,0,0,0,26178.7
2026-01-06,2026-02-24,24300,CE,2115.25,2115.25,2115.25,2115.25,2115.25,1,455,0,26178.7
2026-01-06,2026-02-24,24650,CE,0.0,0.0,0.0,1840.9,1735.5,0,0,0,26178.7
2026-01-06,2026-02-24,25650,CE,907.1,907.1,907.1,907.1,907.1,1,260,0,26178.7
2026-01-06,2026-02-24,26150,CE,592.85,634.4,553.45,561.9,561.9,134,9620,4030,26178.7
2026-01-06,2026-02-24,26300,CE,528.1,546.1,463.6,475.25,475.25,1309,175955,15730,26178.7
2026-01-06,2026-02-24,27250,CE,0.0,0.0,0.0,154.1,142.9,0,2145,0,26178.7
2026-01-06,2026-02-24,27700,CE,50.0,54.2,41.65,42.1,42.1,2747,282230,56810,26178.7
2026-01-06,2026-02-24,27850,CE,36.5,39.55,30.7,32.0,32.0,239,12675,1820,26178.7
2026-01-06,2026-02-24,28050,CE,0.0,0.0,0.0,190.95,37.4,0,0,0,26178.7
2026-01-06,2026-03-30,19000,CE,7480.0,7480.0,7425.0,7435.0,7435.0,7,163135,260,26178.7
2026-01-06,2026-03-30,24200,CE,2450.0,2450.0,2450.0,2450.0,2308.05,1,65,65,26178.7
2026-01-06,2026-03-30,25650,CE,1236.5,1236.5,1126.95,1134.0,1089.15,6,325,130,26178.7
2026-01-06,2026-03-30,25700,CE,1107.45,1107.45,1107.45,1107.45,1107.45,1,260,0,26178.7
2026-01-06,2026-03-30,27350,CE,218.5,220.1,218.1,219.4,219.4,37,5005,-2275,26178.7
2026-01-06,2026-06-30,21000,CE,0.0,0.0,0.0,3881.9,5725.75,0,0,0,26178.7
2026-01-06,2026-12-29,20000,CE,0.0,0.0,0.0,7303.0,7228.0,0,975,0,26178.7
2026-01-06,2026-12-29,23000,CE,0.0,0.0,0.0,4860.0,4446.95,0,8880,0,26178.7
2026-01-06,2026-12-29,31000,CE,247.0,253.05,240.0,242.85,242.85,108,128710,2860,26178.7
2026-01-06,2027-06-29,22500,CE,0.0,0.0,0.0,5539.6,5501.1,0,0,0,26178.7
2026-01-06,2027-06-29,31500,CE,0.0,0.0,0.0,769.15,519.7,0,0,0,26178.7
2026-01-06,2028-06-27,28500,CE,0.0,0.0,0.0,2990.0,2577.7,0,0,0,26178.7
2026-01-06,2028-12-26,18000,CE,0.0,0.0,0.0,9380.3,10897.9,0,0,0,26178.7
2026-01-06,2028-12-26,19500,CE,0.0,0.0,0.0,9716.4,9635.35,0,0,0,26178.7
2026-01-06,2028-12-26,22500,CE,0.0,0.0,0.0,7382.9,7181.65,0,0,0,26178.7
2026-01-06,2030-12-31,18000,CE,0.0,0.0,0.0,12674.15,12505.6,0,0,0,26178.7
2026-01-06,2030-12-31,27000,CE,0.0,0.0,0.0,6772.8,6210.7,0,0,0,26178.7
2026-01-06,2026-01-06,24600,PE,0.65,0.75,0.05,0.1,26178.7,32033,678405,-48685,26178.7
2026-01-06,2026-01-06,25500,PE,0.65,0.9,0.05,0.1,26178.7,997151,4397250,-2273115,26178.7
2026-01-06,2026-01-06,25950,PE,3.5,3.5,0.05,0.1,26178.7,2389696,4823065,-2969850,26178.7
2026-01-06,2026-01-06,26050,PE,7.2,8.15,0.05,0.15,26178.7,11399215,6646055,448500,26178.7
2026-01-06,2026-01-06,26100,PE,13.55,18.0,0.05,0.2,26178.7,31128131,12729795,778960,26178.7
2026-01-06,2026-01-06,26250,PE,72.0,121.25,28.3,74.25,26178.7,11683184,1966835,-4414215,26178.7
2026-01-06,2026-01-06,27400,PE,1230.0,1230.0,1230.0,1230.0,26178.7,1,585,0,26178.7
2026-01-06,2026-01-06,27600,PE,0.0,0.0,0.0,1271.8,26178.7,0,845,0,26178.7
2026-01-06,2026-01-13,24250,PE,1.95,2.05,1.15,1.4,1.4,456,12675,8190,26178.7
2026-01-06,2026-01-13,25650,PE,10.0,12.2,5.9,6.45,6.45,64026,1032980,649480,26178.7
2026-01-06,2026-01-13,25800,PE,16.2,21.75,11.95,12.9,12.9,224273,3693430,1893515,26178.7
2026-01-06,2026-01-13,26300,PE,149.2,183.2,113.1,160.6,160.6,411420,2335905,-53430,26178.7
2026-01-06,2026-01-13,26350,PE,184.95,217.0,137.45,193.0,193.0,70786,557375,3965,26178.7
2026-01-06,2026-01-13,26450,PE,225.2,295.0,196.1,269.25,269.25,15245,189540,93795,26178.7
2026-01-06,2026-01-13,26600,PE,363.5,427.8,307.4,401.85,401.85,5952,129155,12220,26178.7
2026-01-06,2026-01-20,24600,PE,4.3,4.3,3.1,3.1,0.4,7,2535,0,26178.7
2026-01-06,2026-01-20,25000,PE,6.7,7.0,5.0,5.6,5.6,6992,357305,99320,26178.7
2026-01-06,2026-01-20,25450,PE,14.2,16.15,11.9,12.5,12.5,270,15795,3120,26178.7
2026-01-06,2026-01-20,26600,PE,380.4,415.0,320.0,393.45,393.45,611,39780,9815,26178.7
2026-01-06,2026-01-20,27400,PE,1146.3,1146.3,1146.3,1146.3,1146.3,1,65,0,26178.7
2026-01-06,2026-01-20,27700,PE,1454.75,1454.75,1454.75,1454.75,1464.6,1,65,0,26178.7
2026-01-06,2026-01-20,27750,PE,1503.3,1503.3,1503.3,1503.3,1514.15,1,65,0,26178.7
2026-01-06,2026-01-27,23800,PE,4.1,4.95,3.75,4.15,4.15,760,293930,-7085,26178.7
2026-01-06,2026-01-27,24400,PE,7.5,7.95,6.0,6.45,6.45,586,106990,-2080,26178.7
2026-01-06,2026-01-27,25800,PE,72.0,72.0,51.85,62.55,62.55,40518,1819285,596245,26178.7
2026-01-06,2026-01-27,26900,PE,581.6,664.0,547.5,636.8,636.8,757,38155,-1105,26178.7
2026-01-06,2026-01-27,27100,PE,768.45,832.0,719.95,811.85,883.4,70,48750,910,26178.7
2026-01-06,2026-02-03,24900,PE,23.55,24.75,21.85,21.85,21.85,24,1560,455,26178.7
2026-01-06,2026-02-03,25100,PE,31.35,33.2,29.6,29.6,29.6,28,2535,845,26178.7
2026-01-06,2026-02-03,25150,PE,31.0,34.85,29.75,31.8,31.8,33,5005,195,26178.7
2026-01-06,2026-02-03,27150,PE,565.4,795.0,565.4,795.0,927.6,2,325,65,26178.7
2026-01-06,2026-02-03,27450,PE,0.0,0.0,0.0,1222.1,1191.1,0,0,0,26178.7
2026-01-06,2026-02-24,24600,PE,32.15,33.75,27.3,31.55,31.55,119,19500,1430,26178.7
2026-01-06,2026-02-24,24850,PE,43.45,47.3,42.4,46.1,46.1,32,3445,1235,26178.7
2026-01-06,2026-02-24,25100,PE,60.5,69.35,51.65,64.15,64.15,923,372060,18460,26178.7
2026-01-06,2026-02-24,25250,PE,80.0,82.8,79.35,79.95,79.95,106,5070,455,26178.7
2026-01-06,2026-02-24,25450,PE,104.05,111.8,97.5,108.3,108.3,154,26325,-1300,26178.7
2026-01-06,2026-02-24,27600,PE,1208.7,1208.7,1208.5,1208.6,1208.6,2,325,-130,26178.7
2026-01-06,2026-03-30,24550,PE,59.05,59.05,59.05,59.05,59.05,2,3640,-130,26178.7
2026-01-06,2026-03-30,25550,PE,157.05,175.0,156.3,170.4,170.4,73,2925,1300,26178.7
2026-01-06,2026-03-30,25600,PE,176.65,186.2,166.9,177.05,177.05,308,18655,15730,26178.7
2026-01-06,2026-03-30,25850,PE,0.0,0.0,0.0,496.25,302.8,0,0,0,26178.7
2026-01-06,2026-03-30,26550,PE,483.0,483.0,483.0,483.0,483.0,1,130,0,26178.7
2026-01-06,2026-03-30,26650,PE,527.0,540.2,527.0,533.5,651.25,8,1820,260,26178.7
2026-01-06,2026-03-30,26800,PE,571.8,610.7,545.75,602.7,735.6,73,13000,2990,26178.7
2026-01-06,2026-06-30,13000,PE,3.1,3.1,3.1,3.1,3.1,1,200,0,26178.7
2026-01-06,2026-06-30,19000,PE,17.25,19.0,17.05,17.05,0.05,6,4290,-260,26178.7
2026-01-06,2026-06-30,31500,PE,0.0,0.0,0.0,4679.25,4522.0,0,0,0,26178.7
2026-01-06,2026-09-29,33000,PE,0.0,0.0,0.0,6552.15,5553.4,0,0,0,26178.7
2026-01-06,2027-06-29,22500,PE,0.0,0.0,0.0,153.9,67.2,0,0,0,26178.7
2026-01-06,2028-06-27,25500,PE,0.0,0.0,0.0,667.45,448.15,0,0,0,26178.7
2026-01-06,2028-06-27,33000,PE,0.0,0.0,0.0,3707.8,3574.35,0,0,0,26178.7
2026-01-06,2028-12-26,25000,PE,0.0,0.0,0.0,730.0,355.9,0,4225,0,26178.7
2026-01-06,2029-12-24,25500,PE,0.0,0.0,0.0,597.3,395.65,0,0,0,26178.7
2026-01-06,2029-12-24,26000,PE,0.0,0.0,0.0,1000.0,469.5,0,1975,0,26178.7
2026-01-06,2029-12-24,30000,PE,0.0,0.0,0.0,1953.5,1423.8,0,0,0,26178.7
2026-01-06,2029-12-24,34500,PE,0.0,0.0,0.0,3545.6,3332.5,0,0,0,26178.7
2026-01-06,2030-06-25,18000,PE,0.0,0.0,0.0,116.65,8.45,0,0,0,26178.7
2026-01-06,2030-06-25,30000,PE,0.0,0.0,0.0,2100.85,1297.85,0,0,0,26178.7
2026-01-06,2026-01-13,26200,CE,137.3,196.0,106.45,114.6,114.6,680627,6208800,4490850,26178.7
2026-01-06,2026-02-03,25900,CE,665.0,669.65,566.65,580.0,580.0,17,910,325,26178.7
2026-01-06,2026-02-03,25350,CE,0.0,0.0,0.0,1143.85,988.35,0,0,0,26178.7
2026-01-06,2026-01-27,27850,CE,0.0,0.0,0.0,258.35,4.65,0,0,0,26178.7
2026-01-06,2026-01-27,27800,CE,5.0,5.2,4.15,4.45,4.45,5245,686010,108745,26178.7
2026-01-06,2026-01-27,27400,CE,11.1,11.2,6.65,7.2,7.2,5463,438555,15730,26178.7
2026-01-06,2026-01-27,26400,CE,192.0,225.35,154.65,162.95,162.95,37116,1612585,30550,26178.7
2026-01-06,2026-01-27,25500,CE,900.0,921.95,791.0,814.6,814.6,4046,498615,-9880,26178.7
2026-01-06,2026-01-27,25050,CE,1248.9,1248.9,1248.9,1248.9,1220.85,1,130,0,26178.7
2026-01-06,2026-01-27,24200,CE,2077.95,2077.95,2077.95,2077.95,2077.95,1,975,0,26178.7
2026-01-06,2026-01-20,26800,CE,29.7,36.15,17.55,18.6,18.6,17349,422045,157365,26178.7
2026-01-06,2026-01-20,26750,CE,67.05,67.05,22.85,23.65,23.65,3410,76830,76830,26178.7
2026-01-06,2026-01-20,26650,CE,54.45,69.3,35.9,37.05,37.05,4419,112060,23075,26178.7
2026-01-06,2026-02-24,25700,CE,920.05,921.15,861.15,868.55,868.55,66,5200,-390,26178.7
2026-01-06,2026-02-24,27950,CE,30.25,32.9,26.0,27.2,27.2,656,115895,-6045,26178.7
2026-01-06,2026-03-30,24350,CE,0.0,0.0,0.0,2060.4,2168.65,0,0,0,26178.7
2026-01-06,2026-03-30,24450,CE,0.0,0.0,0.0,1975.95,2076.85,0,0,0,26178.7
2026-01-06,2026-03-30,25150,CE,0.0,0.0,0.0,1427.85,1469.8,0,0,0,26178.7
2026-01-06,2026-03-30,25550,CE,0.0,0.0,0.0,1357.0,1160.95,0,65,0,26178.7
2026-01-06,2026-03-30,25850,CE,0.0,0.0,0.0,1025.55,952.75,0,130,0,26178.7
2026-01-06,2026-03-30,26650,CE,520.0,520.45,499.35,506.65,506.65,14,1365,455,26178.7
2026-01-06,2026-03-30,26700,CE,500.0,525.8,468.85,477.05,477.05,178,22685,6305,26178.7
2026-01-06,2026-03-30,27900,CE,0.0,0.0,0.0,206.35,141.95,0,0,0,26178.7
2026-01-06,2026-06-30,25500,CE,0.0,0.0,0.0,1702.2,1656.85,0,65,0,26178.7
2026-01-06,2026-12-29,16000,CE,0.0,0.0,0.0,6200.0,11016.65,0,50,0,26178.7
2026-01-06,2026-12-29,25000,CE,3300.0,3300.0,3166.6,3191.0,2789.6,89,271555,3330,26178.7
2026-01-06,2027-06-29,33000,CE,0.0,0.0,0.0,1122.75,290.0,0,0,0,26178.7
2026-01-06,2027-12-28,21000,CE,0.0,0.0,0.0,4902.4,7369.6,0,0,0,26178.7
2026-01-06,2027-12-28,25000,CE,4712.0,4712.0,4610.0,4610.0,4112.9,4,605,0,26178.7
2026-01-06,2028-06-27,18000,CE,0.0,0.0,0.0,6809.35,10471.4,0,0,0,26178.7
2026-01-06,2030-06-25,22500,CE,0.0,0.0,0.0,9012.4,8696.75,0,0,0,26178.7
2026-01-06,2030-06-25,30000,CE,0.0,0.0,0.0,5580.35,4013.4,0,0,0,26178.7
2026-01-06,2030-12-31,25500,CE,0.0,0.0,0.0,7639.65,7146.65,0,0,0,26178.7
2026-01-06,2026-01-06,24200,PE,0.6,0.65,0.05,0.1,26178.7,45444,1064960,-42055,26178.7
2026-01-06,2026-01-06,24350,PE,0.6,0.6,0.05,0.1,26178.7,8893,113685,34840,26178.7
2026-01-06,2026-01-06,24550,PE,0.6,0.65,0.05,0.1,26178.7,5762,88790,-23855,26178.7
2026-01-06,2026-01-06,24750,PE,0.75,0.75,0.05,0.1,26178.7,18808,162695,-146250,26178.7
2026-01-06,2026-01-06,25850,PE,1.4,1.75,0.05,0.1,26178.7,939157,3319420,-365495,26178.7
2026-01-06,2026-01-06,27050,PE,814.05,916.0,785.55,887.3,26178.7,61,7605,1300,26178.7
2026-01-06,2026-01-06,27150,PE,948.3,1019.35,937.0,972.15,26178.7,22,1105,715,26178.7
2026-01-06,2026-01-06,27250,PE,1018.0,1116.55,1018.0,1091.85,26178.7,5,325,0,26178.7
2026-01-06,2026-01-06,27500,PE,1307.7,1337.75,1247.45,1328.1,26178.7,29,10595,-845,26178.7
2026-01-06,2026-01-06,27950,PE,0.0,0.0,0.0,1747.4,26178.7,0,455,0,26178.7
2026-01-06,2026-01-13,25500,PE,7.85,8.45,4.2,4.5,4.5,284471,6689800,4864405,26178.7
2026-01-06,2026-01-13,25550,PE,7.4,8.8,4.4,4.8,4.8,76311,1096680,721110,26178.7
2026-01-06,2026-01-13,26050,PE,55.45,65.45,36.7,51.15,51.15,230399,1277835,583375,26178.7
2026-01-06,2026-01-13,26400,PE,180.0,255.0,165.15,229.55,229.55,99806,985985,59605,26178.7
2026-01-06,2026-01-13,26750,PE,488.0,563.1,441.25,546.45,546.45,408,12350,7540,26178.7
2026-01-06,2026-01-20,24150,PE,0.0,0.0,0.0,20.25,0.05,0,0,0,26178.7
2026-01-06,2026-01-20,24250,PE,3.15,3.8,2.5,3.2,3.2,28,780,195,26178.7
2026-01-06,2026-01-20,25400,PE,12.2,15.1,10.0,10.65,10.65,3462,107185,13000,26178.7
2026-01-06,2026-01-20,25500,PE,16.7,19.0,13.5,13.95,13.95,7392,233935,46800,26178.7
2026-01-06,2026-01-20,25550,PE,18.1,21.8,15.55,16.25,16.25,509,15990,14040,26178.7
2026-01-06,2026-01-20,26600,CE,65.55,81.5,44.2,45.65,45.65,17313,369720,-24180,26178.7
2026-01-06,2026-01-20,26450,CE,120.0,139.65,81.1,84.05,84.05,2989,79690,28145,26178.7
2026-01-06,2026-01-20,26400,CE,137.5,159.95,97.0,101.15,101.15,16707,368550,90805,26178.7
2026-01-06,2026-01-20,25400,CE,944.15,944.15,873.65,873.65,852.55,2,65,0,26178.7
2026-01-06,2026-01-20,25350,CE,912.4,912.4,907.55,910.0,910.0,2,65,0,26178.7
2026-01-06,2026-01-20,24200,CE,2045.85,2045.85,2039.2,2042.55,2042.55,2,65,0,26178.7
2026-01-06,2026-01-20,24050,CE,2194.8,2194.8,2187.8,2191.3,2191.3,2,65,0,26178.7
2026-01-06,2026-01-13,27450,CE,1.2,1.25,0.95,1.05,1.05,19678,404430,1560,26178.7
2026-01-06,2026-01-13,27350,CE,1.7,1.7,1.15,1.2,1.2,4709,93275,41730,26178.7
2026-01-06,2026-01-13,26550,CE,30.95,39.15,13.35,14.6,14.6,264686,2267785,1566370,26178.7
2026-01-06,2026-01-13,25900,CE,390.35,437.75,310.35,330.2,330.2,9679,270140,60515,26178.7
2026-01-06,2026-01-13,25800,CE,526.05,529.45,398.8,420.4,420.4,5110,366990,25805,26178.7
2026-01-06,2026-01-13,25150,CE,1087.0,1154.6,1053.75,1053.75,1055.9,8,650,130,26178.7
2026-01-06,2026-01-13,24850,CE,1360.0,1360.0,1360.0,1360.0,1354.95,2,260,130,26178.7
2026-01-06,2026-01-06,27500,CE,0.5,0.7,0.05,0.05,26178.7,330945,4186520,957255,26178.7
2026-01-06,2026-01-06,26100,CE,140.05,178.6,35.1,75.8,26178.7,8884004,2355080,709865,26178.7
2026-01-06,2026-01-06,25300,CE,930.95,973.45,830.95,875.55,26178.7,612,9490,-17290,26178.7
2026-01-06,2026-01-06,25000,CE,1225.0,1273.4,1135.0,1174.65,26178.7,2847,47905,-37180,26178.7
2026-01-06,2026-01-06,24900,CE,1338.25,1372.7,1240.0,1275.0,26178.7,45,1170,-260,26178.7
2026-01-06,2026-01-06,24350,CE,0.0,0.0,0.0,1930.0,26178.7,0,65,0,26178.7
2026-01-06,2026-01-20,26900,PE,665.7,665.7,662.0,664.0,664.0,3,195,0,26178.7
2026-01-06,2026-01-20,27650,PE,1405.2,1405.2,1405.2,1405.2,1415.15,1,65,0,26178.7
2026-01-06,2026-01-20,28100,PE,1852.35,1852.35,1852.35,1852.35,1852.35,1,65,65,26178.7
2026-01-06,2026-01-27,23900,PE,4.65,5.8,3.15,4.3,4.3,912,41795,7215,26178.7
2026-01-06,2026-01-27,24150,PE,5.35,6.75,5.05,5.25,5.25,41,1755,520,26178.7
2026-01-06,2026-01-27,24350,PE,7.0,7.0,6.4,6.5,6.5,15,16640,325,26178.7
2026-01-06,2026-01-27,24450,PE,8.45,8.45,6.8,7.35,1.1,18,6110,260,26178.7
2026-01-06,2026-01-27,24950,PE,13.25,13.25,10.65,11.25,11.25,175,38935,-2665,26178.7
2026-01-06,2026-01-27,26350,PE,229.95,263.8,198.6,245.25,245.25,5073,162955,-23205,26178.7
2026-01-06,2026-01-27,26800,PE,527.4,577.0,466.95,552.25,552.25,1335,219960,13650,26178.7
2026-01-06,2026-01-27,26850,PE,560.0,599.7,520.75,591.5,591.5,16,1105,260,26178.7
2026-01-06,2026-02-03,24750,PE,18.95,19.0,18.9,18.9,9.5,4,1235,130,26178.7
2026-01-06,2026-02-03,26200,PE,227.0,257.35,211.95,243.15,243.15,346,12870,2470,26178.7
2026-01-06,2026-02-03,27700,PE,0.0,0.0,0.0,1429.25,1423.4,0,0,0,26178.7
2026-01-06,2026-02-24,24300,PE,21.8,23.9,21.5,23.2,23.2,162,19890,3185,26178.7
2026-01-06,2026-02-24,24500,PE,28.0,29.65,23.65,27.45,27.45,5248,975780,67860,26178.7
2026-01-06,2026-02-24,25200,PE,67.1,78.7,64.35,73.65,73.65,2211,537225,11570,26178.7
2026-01-06,2026-02-24,25550,PE,118.35,130.45,112.55,124.95,124.95,37,13130,0,26178.7
2026-01-06,2026-02-24,26250,PE,296.75,336.0,285.75,325.2,325.2,305,23920,780,26178.7
2026-01-06,2026-02-24,26650,PE,512.75,512.75,512.65,512.7,512.7,2,585,-65,26178.7
2026-01-06,2026-02-24,27200,PE,810.0,880.15,802.75,876.6,876.6,17,10790,130,26178.7
2026-01-06,2026-02-24,27450,PE,1083.6,1083.6,1083.6,1083.6,1083.6,1,130,65,26178.7
2026-01-06,2026-02-24,27700,PE,0.0,0.0,0.0,1254.05,1387.3,0,65,0,26178.7
2026-01-06,2026-02-24,27850,PE,1437.1,1437.1,1437.1,1437.1,1437.1,1,130,0,26178.7
2026-01-06,2026-03-30,25000,PE,92.1,99.95,87.45,95.95,95.95,3414,2038145,10160,26178.7
2026-01-06,2026-03-30,25050,PE,108.95,108.95,99.25,101.6,101.6,16,845,845,26178.7
2026-01-06,2026-03-30,25500,PE,152.95,170.8,148.85,163.15,163.15,5593,546000,134225,26178.7
2026-01-06,2026-03-30,25900,PE,235.7,261.95,230.0,253.95,253.95,518,26325,23335,26178.7
2026-01-06,2026-03-30,26850,PE,640.0,640.0,640.0,640.0,765.0,1,390,65,26178.7
2026-01-06,2026-03-30,27450,PE,996.4,1001.2,996.4,998.15,998.15,3,130,-130,26178.7
2026-01-06,2026-03-30,27700,PE,1187.8,1187.8,1180.65,1184.25,1184.25,2,130,-65,26178.7
2026-01-06,2026-03-30,28050,PE,0.0,0.0,0.0,1423.95,1641.2,0,65,0,26178.7
2026-01-06,2026-03-30,31000,PE,4240.0,4308.75,4178.9,4278.2,4278.2,150,198620,-3045,26178.7
2026-01-06,2026-06-30,15000,PE,5.0,5.0,5.0,5.0,5.0,5,1225,25,26178.7
2026-01-06,2026-09-29,24000,PE,141.0,151.0,141.0,143.75,143.75,30,25905,780,26178.7
2026-01-06,2026-09-29,25500,PE,0.0,0.0,0.0,579.65,375.65,0,0,0,26178.7
2026-01-06,2027-12-28,21000,PE,0.0,0.0,0.0,340.0,28.95,0,1025,0,26178.7
2026-01-06,2027-12-28,31500,PE,0.0,0.0,0.0,3240.0,2995.8,0,0,0,26178.7
2026-01-06,2028-06-27,22500,PE,0.0,0.0,0.0,206.95,100.9,0,0,0,26178.7
2026-01-06,2028-06-27,24000,PE,0.0,0.0,0.0,1692.75,227.5,0,0,0,26178.7
2026-01-06,2028-06-27,27000,PE,0.0,0.0,0.0,2752.35,790.5,0,0,0,26178.7
2026-01-06,2028-06-27,34500,PE,0.0,0.0,0.0,4734.1,4581.35,0,0,0,26178.7
2026-01-06,2028-12-26,28500,PE,0.0,0.0,0.0,1451.15,1167.85,0,0,0,26178.7
2026-01-06,2029-06-26,24000,PE,0.0,0.0,0.0,694.05,229.3,0,25,0,26178.7
2026-01-06,2029-06-26,34500,PE,0.0,0.0,0.0,3889.3,3692.1,0,0,0,26178.7
2026-01-06,2029-12-24,23000,PE,0.0,0.0,0.0,594.95,145.95,0,1950,0,26178.7
2026-01-06,2029-12-24,33000,PE,0.0,0.0,0.0,2953.7,2601.2,0,0,0,26178.7
2026-01-06,2030-12-31,18000,PE,0.0,0.0,0.0,32.3,9.5,0,0,0,26178.7
2026-01-06,2026-02-24,25400,CE,1160.45,1160.45,1116.3,1118.25,1118.25,3,715,65,26178.7
2026-01-06,2026-02-24,24950,CE,1513.9,1513.9,1513.9,1513.9,1513.9,1,65,0,26178.7
2026-01-06,2026-02-24,24800,CE,1729.0,1750.0,1729.0,1729.75,1596.6,4,715,260,26178.7
2026-01-06,2026-02-24,24400,CE,2029.95,2029.95,2029.95,2029.95,2029.95,1,65,0,26178.7
2026-01-06,2026-02-24,24000,CE,2504.95,2516.0,2392.0,2411.05,2411.05,43,86840,-260,26178.7
2026-01-06,2026-02-03,27650,CE,25.15,25.15,15.75,15.75,15.75,10,585,585,26178.7
2026-01-06,2026-02-03,26950,CE,0.0,0.0,0.0,262.1,107.15,0,0,0,26178.7
2026-01-06,2026-12-29,19500,PE,0.0,0.0,0.0,6.25,0.85,0,0,0,26178.7
2026-01-06,2026-12-29,18000,PE,35.0,35.0,35.0,35.0,0.05,1,6405,0,26178.7
2026-01-06,2026-09-29,31500,PE,0.0,0.0,0.0,4341.2,4171.8,0,0,0,26178.7
2026-01-06,2026-09-29,25000,PE,262.2,263.2,243.1,254.35,254.35,217,136830,-1950,26178.7
2026-01-06,2026-09-29,22500,PE,0.0,0.0,0.0,72.55,23.65,0,0,0,26178.7
2026-01-06,2026-06-30,29000,PE,1903.75,1975.5,1890.0,1955.95,1955.95,48,13020,65,26178.7
2026-01-06,2026-06-30,23000,PE,55.0,57.75,54.2,55.75,55.75,182,414815,4550,26178.7
2026-01-06,2026-06-30,20000,PE,21.0,23.2,21.0,22.45,22.45,31,416945,-325,26178.7
2026-01-06,2026-03-30,27750,PE,1227.05,1227.05,1220.15,1223.6,1223.6,2,65,-65,26178.7
2026-01-06,2026-03-30,27650,PE,1149.1,1149.1,1141.95,1145.55,1145.55,2,130,-65,26178.7
2026-01-06,2026-03-30,27500,PE,1002.5,1062.65,953.8,1041.85,1041.85,314,67275,8450,26178.7
2026-01-06,2026-03-30,26400,PE,395.1,429.8,384.15,418.6,418.6,117,9750,3185,26178.7
2026-01-06,2026-03-30,25700,PE,186.0,209.7,183.25,200.9,200.9,445,57850,14950,26178.7
2026-01-06,2026-03-30,25200,PE,103.0,119.0,102.95,114.9,114.9,1045,96785,26780,26178.7
2026-01-06,2026-03-30,24350,PE,49.2,51.2,49.2,49.35,49.35,4,3640,65,26178.7
2026-01-06,2026-03-30,24250,PE,45.0,45.0,45.0,45.0,45.0,3,3055,195,26178.7
2026-01-06,2026-02-24,28050,PE,1627.6,1627.6,1627.6,1627.6,1627.6,1,65,65,26178.7
2026-01-06,2026-02-24,26450,PE,389.0,427.65,366.35,410.25,410.25,118,7540,2665,26178.7
2026-01-06,2026-02-24,26200,PE,288.3,317.35,267.6,304.9,304.9,3414,363805,51870,26178.7
2026-01-06,2026-02-24,25800,PE,175.1,186.75,155.7,178.75,178.75,2539,230945,-21645,26178.7
2026-01-06,2026-02-24,25400,PE,89.9,106.7,88.95,100.3,100.3,1376,485810,9360,26178.7
2026-01-06,2026-02-03,27050,PE,0.0,0.0,0.0,950.0,844.75,0,325,0,26178.7
2026-01-06,2026-02-03,26100,PE,185.05,217.7,173.55,202.7,202.7,171,9295,260,26178.7
2026-01-06,2026-02-03,26050,PE,171.05,195.25,168.45,189.7,189.7,40,4745,-780,26178.7
2026-01-06,2026-02-03,25850,PE,118.55,131.15,111.0,122.05,122.05,71,4225,-1170,26178.7
2026-01-06,2026-02-03,25000,PE,26.0,29.15,24.2,25.95,25.95,662,57915,10920,26178.7
2026-01-06,2026-02-03,24800,PE,19.8,20.65,17.5,19.45,19.45,16,2405,260,26178.7
2026-01-06,2026-01-27,27950,PE,1620.0,1649.85,1557.25,1642.35,1642.35,12,80470,260,26178.7
2026-01-06,2026-01-27,27350,PE,1057.75,1057.75,1057.75,1057.75,1108.65,1,715,0,26178.7
2026-01-06,2026-01-27,27200,PE,855.95,937.0,821.5,915.25,915.25,75,27885,-195,26178.7
2026-01-06,2026-01-27,27000,PE,701.0,754.9,632.0,728.55,728.55,4071,1130415,-11505,26178.7
2026-01-06,2026-01-27,26450,PE,269.95,321.0,243.0,300.2,300.2,1705,59865,455,26178.7
2026-01-06,2026-01-27,26000,PE,110.0,119.45,86.2,107.2,107.2,77823,6436300,-28925,26178.7
2026-01-06,2026-01-27,25300,PE,21.5,22.8,18.0,19.0,19.0,11170,738530,-26455,26178.7
2026-01-06,2026-01-27,25150,PE,16.0,18.65,14.65,14.95,14.95,658,35100,130,26178.7
2026-01-06,2026-01-27,24600,PE,8.8,9.9,7.4,7.9,7.9,1718,194935,-11180,26178.7
2026-01-06,2029-12-24,27000,PE,0.0,0.0,0.0,1177.9,645.3,0,0,0,26178.7
2026-01-06,2030-06-25,21000,PE,0.0,0.0,0.0,321.3,55.3,0,0,0,26178.7
2026-01-06,2030-06-25,33000,PE,0.0,0.0,0.0,3143.9,2353.15,0,0,0,26178.7
2026-01-06,2026-01-20,26800,PE,516.75,588.55,490.0,564.4,564.4,148,23010,3770,26178.7
2026-01-06,2026-01-20,26450,PE,256.05,303.0,226.6,283.4,283.4,304,12415,2665,26178.7
2026-01-06,2026-01-20,26250,PE,159.25,187.6,131.95,169.95,169.95,6450,104260,19240,26178.7
2026-01-06,2026-01-20,26000,PE,75.0,89.0,62.05,76.85,76.85,20343,524485,103415,26178.7
2026-01-06,2026-01-20,25250,PE,9.2,11.0,7.3,7.9,7.9,211,11375,130,26178.7
2026-01-06,2026-01-20,25050,PE,6.0,7.4,5.8,6.4,4.5,33,2535,130,26178.7
2026-01-06,2026-01-20,24450,PE,2.55,4.1,2.55,3.35,3.35,8,0,0,26178.7
2026-01-06,2026-01-13,27800,PE,1591.3,1591.3,1591.3,1591.3,1592.0,1,260,-65,26178.7
2026-01-06,2026-01-13,27050,PE,823.5,852.2,823.5,834.75,834.75,27,1170,845,26178.7
2026-01-06,2026-01-13,25400,PE,5.35,6.1,3.4,3.65,3.65,133453,1692080,580970,26178.7
2026-01-06,2026-01-13,24350,PE,1.7,2.2,1.2,1.5,1.5,737,10920,5915,26178.7
2026-01-06,2026-01-13,24100,PE,1.9,1.9,1.0,1.4,1.4,10349,342680,309660,26178.7
2026-01-06,2026-01-06,27450,PE,0.0,0.0,0.0,1388.2,26178.7,0,65,0,26178.7
2026-01-06,2026-01-06,27300,PE,1097.85,1139.2,1071.6,1122.7,26178.7,26,3055,260,26178.7
2026-01-06,2026-01-06,26850,PE,592.05,718.85,578.0,674.45,26178.7,184,19370,3185,26178.7
2026-01-06,2026-01-06,26000,PE,6.0,6.1,0.05,0.15,26178.7,5787221,10903035,-6256380,26178.7
2026-01-06,2026-01-06,25100,PE,0.75,0.8,0.05,0.05,26178.7,184259,1454375,-97045,26178.7
2026-01-06,2026-01-06,24850,PE,0.5,0.7,0.05,0.1,26178.7,35491,448825,25025,26178.7
2026-01-06,2026-01-06,24650,PE,0.6,0.7,0.05,0.1,26178.7,17843,161395,76570,26178.7
2026-01-06,2030-12-31,28500,CE,0.0,0.0,0.0,5968.3,5344.75,0,0,0,26178.7
2026-01-06,2030-12-31,24000,CE,0.0,0.0,0.0,8563.3,8143.25,0,0,0,26178.7
2026-01-06,2030-06-25,33000,CE,0.0,0.0,0.0,4416.45,2722.4,0,0,0,26178.7
2026-01-06,2030-06-25,25500,CE,0.0,0.0,0.0,7070.45,6609.15,0,0,0,26178.7
2026-01-06,2030-06-25,21000,CE,0.0,0.0,0.0,10421.65,9809.85,0,0,0,26178.7
2026-01-06,2029-12-24,28500,CE,0.0,0.0,0.0,4802.1,4251.0,0,0,0,26178.7
2026-01-06,2029-12-24,18000,CE,0.0,0.0,0.0,11362.4,11714.45,0,0,0,26178.7
2026-01-06,2028-12-26,34500,CE,0.0,0.0,0.0,1432.8,987.5,0,0,0,26178.7
2026-01-06,2028-12-26,21000,CE,0.0,0.0,0.0,7512.5,8391.0,0,0,0,26178.7
2026-01-06,2027-12-28,24000,CE,0.0,0.0,0.0,5630.0,4865.55,0,0,0,26178.7
2026-01-06,2027-06-29,24000,CE,0.0,0.0,0.0,4499.0,4243.05,0,600,0,26178.7
2026-01-06,2026-12-29,29000,CE,737.0,763.0,712.0,716.0,716.0,699,320725,21450,26178.7
2026-01-06,2026-09-29,24000,CE,0.0,0.0,0.0,2671.85,3236.05,0,0,0,26178.7
2026-01-06,2026-06-30,29000,CE,156.0,162.95,150.0,152.0,152.0,2130,250855,-50365,26178.7
2026-01-06,2026-06-30,28000,CE,394.7,414.25,375.05,380.55,380.55,3030,1078260,73630,26178.7
2026-01-06,2026-06-30,18000,CE,0.0,0.0,0.0,7580.0,8647.15,0,175,0,26178.7
2026-01-06,2026-03-30,30000,CE,10.75,11.0,9.75,10.55,10.55,1024,583420,24485,26178.7
2026-01-06,2026-03-30,27950,CE,0.0,0.0,0.0,197.15,133.75,0,0,0,26178.7
2026-01-06,2026-03-30,27750,CE,0.0,0.0,0.0,236.15,169.05,0,0,0,26178.7
2026-01-06,2026-03-30,27650,CE,0.0,0.0,0.0,257.85,189.3,0,0,0,26178.7
2026-01-06,2026-03-30,27600,CE,160.2,188.85,154.15,155.6,155.6,534,26130,18265,26178.7
2026-01-06,2026-03-30,27100,CE,314.0,341.05,297.1,304.8,304.8,154,17875,-390,26178.7
2026-01-06,2026-01-06,26150,CE,89.7,132.15,5.5,25.95,26178.7,30516925,7846345,6578650,26178.7
2026-01-06,2026-01-06,26250,CE,34.0,52.05,0.05,0.15,26178.7,23251022,13581230,3628625,26178.7
2026-01-06,2026-01-06,26350,CE,8.0,12.15,0.05,0.1,26178.7,8663323,5974150,-7724600,26178.7
2026-01-06,2026-01-06,26400,CE,4.5,5.4,0.05,0.1,26178.7,6113547,6902025,-9070620,26178.7
2026-01-06,2026-01-06,26600,CE,1.0,1.45,0.05,0.1,26178.7,1784348,6903455,-3850275,26178.7
2026-01-06,2026-01-06,27050,CE,0.7,0.75,0.05,0.05,26178.7,150872,1184885,170560,26178.7
2026-01-06,2026-01-06,27150,CE,0.5,0.7,0.05,0.05,26178.7,213143,1028820,388180,26178.7
2026-01-06,2026-01-06,28000,CE,0.3,0.55,0.05,0.05,26178.7,79341,872170,591630,26178.7
2026-01-06,2026-01-13,24350,CE,1858.9,1858.9,1848.75,1853.85,1853.85,2,260,65,26178.7
2026-01-06,2026-01-13,26250,CE,124.0,164.0,83.4,90.25,90.25,305077,2426905,1688635,26178.7
2026-01-06,2026-01-13,27150,CE,2.6,2.7,1.65,1.75,1.75,18198,249730,105690,26178.7
2026-01-06,2026-01-13,27250,CE,2.0,2.15,1.3,1.4,1.4,12716,229060,95225,26178.7
2026-01-06,2026-01-13,27400,CE,1.3,1.45,1.05,1.15,1.15,87180,1588340,497835,26178.7
2026-01-06,2026-01-20,25000,CE,1250.1,1250.1,1250.1,1250.1,1234.9,1,195,0,26178.7
2026-01-06,2026-01-20,26000,CE,369.0,421.85,310.65,324.2,324.2,3931,134485,42965,26178.7
2026-01-06,2026-01-20,26950,CE,0.0,0.0,0.0,135.45,34.7,0,0,0,26178.7
2026-01-06,2026-01-20,27750,CE,3.4,3.45,1.9,2.45,1.3,13,3250,-130,26178.7
2026-01-06,2026-01-20,28000,CE,2.45,2.5,1.3,2.0,2.0,156,7085,4745,26178.7
2026-01-06,2026-01-27,24150,CE,2138.65,2138.65,2138.65,2138.65,2138.65,1,65,0,26178.7
2026-01-06,2026-01-27,24400,CE,1874.45,1874.45,1874.45,1874.45,1874.45,1,2730,0,26178.7
2026-01-06,2026-01-27,26000,CE,438.4,489.05,380.0,395.65,395.65,28422,4196140,107445,26178.7
2026-01-06,2026-01-27,26250,CE,294.15,318.1,225.0,236.6,236.6,7843,274430,45500,26178.7
2026-01-06,2026-01-27,26700,CE,80.0,99.55,60.95,63.75,63.75,33396,2585440,72865,26178.7
2026-01-06,2026-01-27,27200,CE,15.95,19.5,11.8,12.4,12.4,15345,850915,-12415,26178.7
2026-01-06,2026-01-27,27650,CE,7.3,7.3,4.75,5.25,5.25,307,10985,10530,26178.7
2026-01-06,2026-01-27,27900,CE,4.25,4.35,3.4,3.7,3.7,2881,658580,-13975,26178.7
2026-01-06,2026-02-03,24250,CE,0.0,0.0,0.0,2114.0,2032.35,0,0,0,26178.7
2026-01-06,2026-02-03,24550,CE,0.0,0.0,0.0,1832.55,1736.85,0,0,0,26178.7
2026-01-06,2026-02-03,25100,CE,0.0,0.0,0.0,1346.45,1211.75,0,0,0,26178.7
2026-01-06,2026-02-03,25450,CE,0.0,0.0,0.0,1066.85,903.25,0,0,0,26178.7
2026-01-06,2026-02-03,26700,CE,193.05,198.45,151.05,153.85,153.85,145,23595,1495,26178.7
2026-01-06,2026-02-03,27200,CE,40.0,61.15,38.0,44.15,44.15,333,30160,7800,26178.7
2026-01-06,2026-02-03,28000,CE,10.9,12.0,9.2,9.8,9.8,174,14820,6045,26178.7
2026-01-06,2026-02-03,28050,CE,11.0,11.0,9.1,10.65,10.65,94,11050,6045,26178.7
2026-01-06,2026-02-24,25050,CE,1425.9,1425.9,1425.9,1425.9,1425.9,1,65,0,26178.7
2026-01-06,2026-02-24,25450,CE,1115.0,1115.0,1071.1,1076.1,1076.1,5,715,130,26178.7
2026-01-06,2026-02-24,25600,CE,969.75,1039.1,945.15,949.65,949.65,20,3835,260,26178.7
2026-01-06,2026-02-24,25800,CE,835.0,880.0,783.85,804.6,804.6,133,31915,65,26178.7
2026-01-06,2026-02-24,25950,CE,692.6,699.2,690.85,695.25,695.25,20,2730,65,26178.7
2026-01-06,2026-02-24,26250,CE,548.2,572.05,495.15,506.8,506.8,220,13780,1105,26178.7
2026-01-06,2026-02-24,26550,CE,384.15,391.55,339.5,344.95,344.95,89,10530,1170,26178.7
2026-01-06,2026-02-24,27000,CE,189.0,208.8,168.2,172.95,172.95,13479,1286025,203450,26178.7
2026-01-06,2026-02-24,28000,CE,52.15,52.15,25.0,25.9,25.9,1205,54600,54600,26178.7
2026-01-06,2026-03-30,20000,CE,0.0,0.0,0.0,6482.0,6427.3,0,1600,0,26178.7
2026-01-06,2026-03-30,26000,CE,949.95,981.45,882.4,897.0,897.0,1647,1313015,12745,26178.7
2026-01-06,2026-03-30,27000,CE,352.0,393.85,335.7,344.1,344.1,8221,2504845,89950,26178.7
2026-01-06,2026-03-30,27200,CE,280.0,303.2,252.8,267.25,267.25,3700,101075,-143065,26178.7
2026-01-06,2026-06-30,24000,CE,3179.85,3179.85,3045.0,3045.0,2874.15,14,87835,325,26178.7
2026-01-06,2026-09-29,34500,CE,0.0,0.0,0.0,30.15,8.3,0,0,0,26178.7
2026-01-06,2026-12-29,33000,CE,95.0,95.0,85.0,87.2,87.2,23,5525,1105,26178.7
2026-01-06,2027-06-29,19500,CE,0.0,0.0,0.0,8143.4,8203.45,0,0,0,26178.7
2026-01-06,2027-06-29,27000,CE,0.0,0.0,0.0,1932.5,2166.1,0,0,0,26178.7
2026-01-06,2027-06-29,28500,CE,0.0,0.0,0.0,1711.9,1423.5,0,0,0,26178.7
2026-01-06,2027-12-28,22500,CE,0.0,0.0,0.0,6183.0,6082.45,0,0,0,26178.7
2026-01-06,2027-12-28,27000,CE,3380.05,3380.05,3380.05,3380.05,2796.9,1,1985,65,26178.7
2026-01-06,2028-06-27,22500,CE,0.0,0.0,0.0,6796.05,6642.0,0,0,0,26178.7
2026-01-06,2029-06-26,25500,CE,0.0,0.0,0.0,5917.35,5526.55,0,0,0,26178.7
2026-01-06,2029-06-26,27000,CE,0.0,0.0,0.0,6570.4,4563.55,0,0,0,26178.7
2026-01-06,2029-12-24,21000,CE,0.0,0.0,0.0,9463.95,9348.55,0,0,0,26178.7
2026-01-06,2029-12-24,30000,CE,0.0,0.0,0.0,3681.0,3483.4,0,7950,0,26178.7
2026-01-06,2029-12-24,33000,CE,0.0,0.0,0.0,3816.05,2248.85,0,0,0,26178.7
2026-01-06,2030-06-25,27000,CE,0.0,0.0,0.0,6972.5,5661.9,0,0,0,26178.7
2026-01-06,2026-01-06,25050,PE,0.8,0.8,0.05,0.05,26178.7,52691,203125,-130780,26178.7
2026-01-06,2026-01-06,25200,PE,0.75,0.75,0.05,0.05,26178.7,362036,3273400,99905,26178.7
2026-01-06,2026-01-06,27550,PE,0.0,0.0,0.0,1490.75,26178.7,0,65,0,26178.7
2026-01-06,2026-01-13,24200,PE,1.8,2.0,1.1,1.35,1.35,4818,123955,75985,26178.7
2026-01-06,2026-01-13,25050,PE,4.0,4.0,2.05,2.25,2.25,5054,88335,35555,26178.7
2026-01-06,2026-01-13,27150,PE,937.7,944.9,933.85,937.55,937.55,7,325,195,26178.7
2026-01-06,2026-01-13,27400,PE,1125.3,1197.1,1125.3,1197.1,1192.75,3,325,65,26178.7
2026-01-06,2026-01-13,28000,PE,1769.4,1792.25,1769.4,1784.65,1784.65,81,4680,4550,26178.7
2026-01-06,2026-01-13,28050,PE,1782.9,1842.45,1782.9,1842.45,1842.45,2,0,0,26178.7
2026-01-06,2026-01-20,24350,PE,0.0,0.0,0.0,5.35,0.1,0,130,0,26178.7
2026-01-06,2026-01-20,25200,PE,10.95,10.95,6.75,7.15,7.15,2373,109980,73060,26178.7
2026-01-06,2026-01-20,26100,PE,100.05,120.6,83.95,106.65,106.65,16193,352755,8515,26178.7
2026-01-06,2026-01-20,26500,PE,295.55,340.4,253.0,317.7,317.7,3369,119730,30355,26178.7
2026-01-06,2026-01-20,27000,PE,683.85,772.95,577.25,759.0,759.0,41,2925,715,26178.7
2026-01-06,2026-01-20,27150,PE,901.8,901.8,901.8,901.8,931.3,1,130,0,26178.7
2026-01-06,2026-01-20,27600,PE,1354.6,1354.6,1354.6,1354.6,1365.8,1,65,0,26178.7
2026-01-06,2026-01-20,27800,PE,1543.2,1543.2,1543.2,1543.2,1543.2,1,65,0,26178.7
2026-01-06,2026-01-20,27850,PE,1589.6,1589.6,1589.6,1589.6,1589.6,1,65,0,26178.7
2026-01-06,2026-01-20,28000,PE,1753.65,1753.65,1753.65,1753.65,1753.65,1,65,65,26178.7
2026-01-06,2026-01-27,24500,PE,8.55,8.6,6.5,6.95,6.95,12143,1929720,-38935,26178.7
2026-01-06,2026-01-27,25000,PE,14.55,16.05,12.1,12.3,12.3,17559,3051035,-64935,26178.7
2026-01-06,2026-01-27,25250,PE,20.25,21.5,17.25,17.95,17.95,473,93600,-455,26178.7
2026-01-06,2026-01-27,25400,PE,24.05,27.85,21.15,23.4,23.4,10638,905645,17290,26178.7
2026-01-06,2026-01-27,25450,PE,27.5,31.4,23.85,26.55,26.55,1933,165555,38675,26178.7
2026-01-06,2026-01-27,26300,PE,190.0,239.0,177.7,220.7,220.7,69146,2255370,177385,26178.7
2026-01-06,2026-01-27,26700,PE,428.8,494.7,394.1,471.7,471.7,1965,151710,3055,26178.7
2026-01-06,2026-01-27,27150,PE,872.95,872.95,872.95,872.95,927.3,1,715,0,26178.7
2026-01-06,2026-01-20,24650,PE,3.05,5.0,3.05,5.0,0.55,8,0,0,26178.7
2026-01-06,2026-01-20,24500,PE,3.8,4.5,3.05,3.25,3.25,1232,91065,43420,26178.7
2026-01-06,2026-01-13,28100,PE,1883.7,1883.7,1883.7,1883.7,1891.7,1,130,0,26178.7
2026-01-06,2026-01-13,27650,PE,1444.2,1444.2,1437.0,1437.0,1437.0,2,390,65,26178.7
2026-01-06,2026-01-13,26900,PE,601.05,719.0,585.05,694.35,694.35,283,29770,9230,26178.7
2026-01-06,2026-01-13,26200,PE,119.0,125.0,74.95,105.95,105.95,785733,4944615,2650700,26178.7
2026-01-06,2026-01-13,24600,PE,2.25,2.45,1.5,1.65,1.65,3928,69160,12675,26178.7
2026-01-06,2026-01-13,24550,PE,2.05,2.5,1.4,1.65,1.65,409,8710,0,26178.7
2026-01-06,2026-01-06,28100,PE,0.0,0.0,0.0,1932.8,26178.7,0,0,0,26178.7
2026-01-06,2026-01-06,27750,PE,0.0,0.0,0.0,1688.8,26178.7,0,65,0,26178.7
2026-01-06,2026-01-06,27650,PE,1474.0,1474.0,1474.0,1474.0,26178.7,1,195,0,26178.7
2026-01-06,2026-01-06,27000,PE,798.65,866.4,730.0,823.55,26178.7,1745,58565,-30550,26178.7
2026-01-06,2026-01-06,26650,PE,432.8,518.7,380.25,473.95,26178.7,2232,39130,2665,26178.7
2026-01-06,2026-01-06,25900,PE,2.45,2.9,0.05,0.1,26178.7,2300278,7028385,-2314195,26178.7
2026-01-06,2026-01-06,25400,PE,0.5,0.9,0.05,0.1,26178.7,394920,3563040,115505,26178.7
2026-01-06,2026-01-06,25250,PE,1.0,1.0,0.05,0.05,26178.7,124366,825565,70200,26178.7
2026-01-06,2026-01-06,24800,PE,0.5,0.7,0.05,0.05,26178.7,58988,1136850,92235,26178.7
2026-01-06,2030-12-31,33000,CE,0.0,0.0,0.0,3948.25,3220.85,0,0,0,26178.7
2026-01-06,2030-12-31,31500,CE,0.0,0.0,0.0,4554.55,3847.5,0,0,0,26178.7
2026-01-06,2029-12-24,27000,CE,0.0,0.0,0.0,6201.65,5116.8,0,0,0,26178.7
2026-01-06,2029-12-24,24000,CE,0.0,0.0,0.0,7730.0,7107.65,0,0,0,26178.7
2026-01-06,2029-06-26,33000,CE,0.0,0.0,0.0,4179.45,1794.25,0,0,0,26178.7
2026-01-06,2029-06-26,28500,CE,0.0,0.0,0.0,4213.3,3704.15,0,0,0,26178.7
2026-01-06,2027-12-28,34500,CE,0.0,0.0,0.0,619.2,365.4,0,0,0,26178.7
2026-01-06,2027-12-28,26000,CE,4075.0,4120.0,4035.1,4042.55,4042.55,5,505,65,26178.7
2026-01-06,2026-12-29,25500,CE,0.0,0.0,0.0,2555.85,2426.5,0,0,0,26178.7
2026-01-06,2026-12-29,21000,CE,0.0,0.0,0.0,6350.0,6285.8,0,4350,0,26178.7
2026-01-06,2026-09-29,31500,CE,0.0,0.0,0.0,173.65,88.15,0,0,0,26178.7
2026-01-06,2026-09-29,21000,CE,0.0,0.0,0.0,4967.05,6006.75,0,0,0,26178.7
2026-01-06,2026-06-30,34500,CE,0.0,0.0,0.0,4.25,0.6,0,0,0,26178.7
2026-01-06,2026-06-30,30000,CE,62.3,65.5,57.45,61.9,61.9,617,267755,-2275,26178.7
2026-01-06,2026-03-30,27400,CE,210.0,233.3,195.85,207.3,207.3,416,15860,-8645,26178.7
2026-01-06,2026-03-30,27050,CE,347.1,359.6,347.1,359.6,353.95,2,3705,0,26178.7
2026-01-06,2026-03-30,26850,CE,408.55,408.55,406.35,407.1,407.1,23,1300,975,26178.7
2026-01-06,2026-03-30,26050,CE,853.5,853.5,853.15,853.35,853.35,2,260,0,26178.7
2026-01-06,2026-03-30,25100,CE,0.0,0.0,0.0,1645.55,1510.6,0,65,0,26178.7
2026-01-06,2026-03-30,24900,CE,0.0,0.0,0.0,1613.8,1678.3,0,0,0,26178.7
2026-01-06,2026-02-24,27900,CE,34.0,37.0,30.0,30.5,30.5,2135,274495,10595,26178.7
2026-01-06,2026-02-24,27750,CE,0.0,0.0,0.0,247.9,64.05,0,0,0,26178.7
2026-01-06,2026-06-30,19000,CE,0.0,0.0,0.0,5792.0,7673.2,0,100,0,26178.7
2026-01-06,2026-03-30,28100,CE,0.0,0.0,0.0,171.45,111.5,0,0,0,26178.7
2026-01-06,2026-03-30,25050,CE,0.0,0.0,0.0,1500.35,1551.9,0,0,0,26178.7
2026-01-06,2026-03-30,24850,CE,0.0,0.0,0.0,1652.45,1721.2,0,0,0,26178.7
2026-01-06,2026-03-30,21000,CE,5575.0,5620.0,5505.85,5517.0,5517.0,13,430645,65,26178.7
2026-01-06,2026-02-24,26600,CE,359.95,381.7,313.2,322.7,322.7,2276,395070,19695,26178.7
2026-01-06,2026-01-06,25250,CE,958.7,1023.45,881.6,881.7,26178.7,63,9490,-2795,26178.7
2026-01-06,2026-01-06,25450,CE,789.0,824.1,681.25,725.55,26178.7,534,3900,-10140,26178.7
2026-01-06,2026-01-06,25500,CE,735.5,774.4,632.3,676.4,26178.7,4349,109720,-127985,26178.7
2026-01-06,2026-01-06,25600,CE,643.85,674.0,531.0,575.35,26178.7,1274,24245,-15275,26178.7
2026-01-06,2026-01-06,25750,CE,485.4,523.85,382.3,426.55,26178.7,2204,33995,-13520,26178.7
2026-01-06,2026-01-06,26200,CE,48.0,89.0,0.05,0.4,26178.7,41390187,26043875,19000930,26178.7
2026-01-06,2026-01-06,27250,CE,0.5,0.7,0.05,0.05,26178.7,114193,838240,197405,26178.7
2026-01-06,2026-01-06,27300,CE,0.6,0.9,0.05,0.1,26178.7,192796,2008045,-104650,26178.7
2026-01-06,2026-01-13,24100,CE,2109.3,2109.3,2098.75,2104.05,2104.05,2,260,65,26178.7
2026-01-06,2026-01-13,24150,CE,2060.05,2060.05,2050.15,2055.1,2055.1,2,325,65,26178.7
2026-01-06,2026-01-13,25000,CE,1289.8,1317.75,1186.0,1202.55,1202.55,1897,113230,45305,26178.7
2026-01-06,2026-01-13,25350,CE,846.75,858.65,837.45,853.9,853.9,16,1365,975,26178.7
2026-01-06,2026-01-13,25500,CE,782.0,822.75,688.7,712.0,712.0,3493,201630,87425,26178.7
2026-01-06,2026-01-13,25850,CE,449.05,482.7,356.45,374.95,374.95,1789,68770,39975,26178.7
2026-01-06,2026-01-13,25950,CE,343.1,392.4,269.9,287.7,287.7,5573,109590,42120,26178.7
2026-01-06,2026-01-13,26100,CE,230.0,269.5,162.15,174.5,174.5,185386,1674270,1194375,26178.7
2026-01-06,2026-01-13,26700,CE,8.65,16.0,6.05,6.6,6.6,295486,5930795,4017585,26178.7
2026-01-06,2026-01-13,27200,CE,2.2,2.45,1.5,1.6,1.6,70098,1912885,929695,26178.7
2026-01-06,2026-01-13,27600,CE,1.0,1.0,0.85,0.9,0.9,77924,2339350,883935,26178.7
2026-01-06,2026-01-13,27700,CE,0.9,1.0,0.8,0.9,0.9,20486,564395,305045,26178.7
2026-01-06,2026-01-20,24150,CE,2095.15,2095.15,2095.15,2095.15,2095.15,1,65,0,26178.7
2026-01-06,2026-01-20,24800,CE,1450.5,1450.5,1442.55,1446.6,1446.6,4,65,0,26178.7
2026-01-06,2026-01-20,24850,CE,1404.9,1404.9,1399.4,1402.15,1402.15,2,65,0,26178.7
2026-01-06,2026-01-20,24950,CE,1291.2,1291.2,1291.2,1291.2,1284.0,1,65,0,26178.7
2026-01-06,2026-01-20,25700,CE,600.0,666.2,551.3,571.8,571.8,121,23660,6110,26178.7
2026-01-06,2026-01-20,26050,CE,330.0,377.85,261.1,289.7,289.7,354,14755,6890,26178.7
2026-01-06,2026-01-20,26250,CE,221.4,244.95,160.6,169.55,169.55,5978,197990,93210,26178.7
2026-01-06,2026-01-20,27000,CE,14.05,16.0,8.15,8.85,8.85,11397,515905,115830,26178.7
2026-01-06,2026-01-20,27050,CE,10.3,12.2,7.0,7.25,7.25,369,47190,5720,26178.7
2026-01-06,2026-01-20,27400,CE,4.3,4.95,3.1,3.4,3.4,739,48620,18005,26178.7
2026-01-06,2026-01-20,27600,CE,3.0,3.5,2.1,2.6,2.6,301,17745,-5525,26178.7
2026-01-06,2026-01-27,23800,CE,2550.0,2550.0,2456.1,2457.15,2457.15,17,33605,-130,26178.7
2026-01-06,2026-01-27,24600,CE,1700.0,1709.2,1694.0,1694.0,1658.65,3,4355,0,26178.7
2026-01-06,2026-01-27,25700,CE,696.05,737.05,614.65,634.75,634.75,883,91260,1040,26178.7
2026-01-06,2026-01-27,26550,CE,130.95,155.0,99.9,104.95,104.95,4202,198445,23335,26178.7
2026-01-06,2026-01-27,27100,CE,21.3,26.7,16.2,16.75,16.75,14639,666705,-77480,26178.7
2026-01-06,2026-01-27,27300,CE,12.75,14.8,8.35,9.65,9.65,8878,462605,-36270,26178.7
2026-01-06,2026-01-27,27950,CE,3.6,4.85,3.25,3.6,3.6,2584,236600,-52455,26178.7
2026-01-06,2030-12-31,28500,PE,0.0,0.0,0.0,1083.1,830.15,0,0,0,26178.7
2026-01-06,2026-03-30,26200,CE,800.05,830.2,752.2,759.85,759.85,185,14690,-455,26178.7
2026-01-06,2026-03-30,25950,CE,926.05,926.05,920.45,923.25,923.25,2,65,65,26178.7
2026-01-06,2026-03-30,25800,CE,1085.25,1088.25,1030.8,1048.05,985.95,10,6435,455,26178.7
2026-01-06,2026-03-30,25750,CE,1071.0,1071.0,1064.05,1067.55,1067.55,2,260,65,26178.7
2026-01-06,2026-03-30,24000,CE,2728.85,2728.85,2585.75,2592.9,2592.9,351,263070,-2535,26178.7
2026-01-06,2026-02-24,27200,CE,124.85,146.7,114.85,117.4,117.4,3245,321230,455,26178.7
2026-01-06,2026-02-24,26850,CE,232.7,266.15,216.55,219.15,219.15,111,10725,0,26178.7
2026-01-06,2026-02-24,25300,CE,1260.0,1260.0,1260.0,1260.0,1159.3,1,1950,65,26178.7
2026-01-06,2026-02-24,24350,CE,2078.0,2078.0,2078.0,2078.0,2078.0,1,65,0,26178.7
2026-01-06,2026-02-03,27900,CE,10.5,12.5,9.35,9.75,9.75,112,7865,-1170,26178.7
2026-01-06,2026-02-03,27500,CE,40.5,40.5,19.75,20.4,20.4,593,16705,16705,26178.7
2026-01-06,2026-02-03,26600,CE,227.95,233.25,182.9,188.8,188.8,1181,31590,22945,26178.7
2026-01-06,2026-02-03,26400,CE,307.15,335.8,272.5,281.3,281.3,538,25740,12025,26178.7
2026-01-06,2026-02-03,25150,CE,0.0,0.0,0.0,1304.85,1166.0,0,0,0,26178.7
2026-01-06,2026-01-27,28000,CE,4.0,4.15,3.1,3.5,3.5,2717,111540,53560,26178.7
2026-01-06,2026-01-27,27150,CE,19.9,22.6,14.0,14.35,14.35,1802,105690,-6695,26178.7
2026-01-06,2026-01-27,25900,CE,516.15,567.0,450.0,468.25,468.25,3138,248625,-25025,26178.7
2026-01-06,2026-01-27,25250,CE,1104.25,1105.0,1085.9,1085.9,1033.85,3,845,-65,26178.7
2026-01-06,2026-01-27,24800,CE,1540.0,1542.0,1466.3,1498.4,1462.15,15,27430,-715,26178.7
2026-01-06,2026-01-27,24050,CE,2235.2,2235.2,2235.2,2235.2,2235.2,1,65,0,26178.7
2026-01-06,2026-01-20,27450,CE,4.0,4.45,3.65,4.05,4.05,10,1170,520,26178.7
2026-01-06,2026-01-20,27350,CE,4.25,6.2,3.0,4.05,4.05,60,2340,910,26178.7
2026-01-06,2026-01-20,27200,CE,8.05,8.05,4.0,5.15,5.15,4353,166595,53105,26178.7
2026-01-06,2026-01-20,26550,CE,81.0,96.4,54.0,55.65,55.65,4418,94900,58825,26178.7
2026-01-06,2026-01-20,26200,CE,244.75,276.0,185.9,194.85,194.85,24142,554255,315640,26178.7
2026-01-06,2026-01-20,25850,CE,512.0,512.0,424.35,441.3,441.3,21,2405,65,26178.7
2026-01-06,2026-01-20,25100,CE,1157.75,1157.75,1157.75,1157.75,1157.75,1,65,0,26178.7
2026-01-06,2026-01-13,28050,CE,0.8,1.35,0.75,0.85,0.85,257,7930,6760,26178.7
2026-01-06,2026-01-13,27550,CE,1.05,1.1,0.85,1.0,1.0,17794,431795,12350,26178.7
2026-01-06,2026-01-13,27000,CE,3.95,4.55,2.15,2.3,2.3,339939,6764355,3393715,26178.7
2026-01-06,2026-01-13,26600,CE,23.6,29.3,9.95,10.7,10.7,397497,3872245,2159950,26178.7
2026-01-06,2026-01-13,26050,CE,286.85,308.05,195.25,210.1,210.1,23131,331890,237705,26178.7
2026-01-06,2026-01-13,25400,CE,871.05,900.85,787.0,809.75,809.75,423,82745,19630,26178.7
2026-01-06,2026-01-13,25050,CE,1210.0,1210.0,1145.0,1145.0,1155.4,5,520,325,26178.7
2026-01-06,2026-01-06,28050,CE,0.5,0.55,0.05,0.1,26178.7,26069,340600,324870,26178.7
2026-01-06,2026-01-06,26900,CE,0.7,0.85,0.05,0.1,26178.7,537147,2528565,-877630,26178.7
2026-01-06,2026-01-06,25350,CE,875.3,924.2,781.55,824.05,26178.7,216,3900,-9555,26178.7
2026-01-06,2026-01-06,24550,CE,0.0,0.0,0.0,1618.95,26178.7,0,325,0,26178.7
2026-01-06,2026-01-06,24500,CE,1722.05,1731.0,1637.0,1701.5,26178.7,127,8385,-3900,26178.7
2026-01-06,2029-06-26,27000,PE,0.0,0.0,0.0,1252.35,692.25,0,0,0,26178.7
2026-01-06,2028-12-26,23000,PE,0.0,0.0,0.0,400.05,142.35,0,375,0,26178.7
2026-01-06,2028-06-27,19500,PE,0.0,0.0,0.0,40.05,11.65,0,0,0,26178.7
2026-01-06,2027-12-28,33000,PE,0.0,0.0,0.0,4155.55,4012.5,0,0,0,26178.7
2026-01-06,2027-06-29,18000,PE,0.0,0.0,0.0,93.95,0.45,0,100,0,26178.7
2026-01-06,2026-12-29,31500,PE,0.0,0.0,0.0,4059.3,3872.1,0,0,0,26178.7
2026-01-06,2026-12-29,30000,PE,2217.45,2276.0,2144.9,2235.0,2235.0,32,118835,1105,26178.7
2026-01-06,2026-12-29,22500,PE,0.0,0.0,0.0,104.5,39.5,0,0,0,26178.7
2026-01-06,2026-01-27,26450,CE,173.05,198.95,135.05,141.75,141.75,5025,171535,-22620,26178.7
2026-01-06,2030-12-31,21000,PE,0.0,0.0,0.0,126.8,56.3,0,0,0,26178.7
2026-01-06,2029-12-24,28500,PE,0.0,0.0,0.0,1255.9,985.45,0,0,0,26178.7
2026-01-06,2029-12-24,22500,PE,0.0,0.0,0.0,225.7,115.7,0,0,0,26178.7
2026-01-06,2029-06-26,28500,PE,0.0,0.0,0.0,1349.1,1072.15,0,0,0,26178.7
2026-01-06,2028-12-26,33000,PE,0.0,0.0,0.0,3315.4,3201.7,0,0,0,26178.7
2026-01-06,2028-12-26,31500,PE,0.0,0.0,0.0,2673.4,2402.8,0,0,0,26178.7
2026-01-06,2028-12-26,27000,PE,1100.0,1100.0,1100.0,1100.0,1100.0,1,3025,0,26178.7
2026-01-06,2028-12-26,25500,PE,0.0,0.0,0.0,648.2,434.15,0,0,0,26178.7
2026-01-06,2028-12-26,21000,PE,0.0,0.0,0.0,304.95,44.9,0,275,0,26178.7
2026-01-06,2027-12-28,28500,PE,0.0,0.0,0.0,1679.15,1390.25,0,0,0,26178.7
2026-01-06,2027-12-28,23000,PE,299.9,299.9,299.9,299.9,299.9,1,5200,0,26178.7
2026-01-06,2027-12-28,22000,PE,0.0,0.0,0.0,160.05,61.95,0,3880,0,26178.7
2026-01-06,2027-12-28,17000,PE,0.0,0.0,0.0,50.05,0.4,0,14200,0,26178.7
2026-01-06,2027-06-29,31500,PE,0.0,0.0,0.0,3604.7,3383.7,0,0,0,26178.7
2026-01-06,2027-06-29,28500,PE,0.0,0.0,0.0,1807.05,1521.55,0,0,0,26178.7
2026-01-06,2027-06-29,19000,PE,0.0,0.0,0.0,182.1,1.9,0,600,0,26178.7
2026-01-06,2026-12-29,34500,PE,0.0,0.0,0.0,6630.4,6547.8,0,0,0,26178.7
2026-01-06,2026-12-29,14000,PE,0.0,0.0,0.0,20.05,0.05,0,1055,0,26178.7
2026-01-06,2026-03-30,30000,PE,3248.0,3325.7,3185.6,3301.85,3301.85,78,344855,1105,26178.7
2026-01-06,2026-03-30,28000,PE,1394.85,1445.0,1341.35,1436.6,1436.6,192,580300,-1485,26178.7
2026-01-06,2026-03-30,27950,PE,1381.45,1381.45,1381.45,1381.45,1381.45,1,0,-65,26178.7
2026-01-06,2026-03-30,27300,PE,851.0,892.2,851.0,892.2,1057.7,3,4355,-65,26178.7
2026-01-06,2026-03-30,26450,PE,418.35,439.25,418.35,439.25,439.25,3,260,130,26178.7
2026-01-06,2026-03-30,26150,PE,315.2,333.25,315.0,324.3,324.3,28,5330,-455,26178.7
2026-01-06,2026-03-30,24950,PE,89.7,90.0,89.7,90.0,90.0,9,1950,-130,26178.7
2026-01-06,2026-03-30,24650,PE,62.0,62.0,62.0,62.0,61.45,1,2470,0,26178.7
2026-01-06,2026-02-24,27150,PE,845.7,846.15,840.9,844.25,844.25,3,130,65,26178.7
2026-01-06,2026-02-24,26700,PE,470.75,559.5,470.7,541.05,541.05,758,172250,24440,26178.7
2026-01-06,2026-02-24,26550,PE,456.95,470.6,456.35,460.1,460.1,87,9230,2080,26178.7
2026-01-06,2026-02-24,26300,PE,270.0,359.9,270.0,345.45,345.45,1715,297570,15600,26178.7
2026-01-06,2026-02-24,25900,PE,187.8,213.0,177.0,203.25,203.25,1314,186485,-1365,26178.7
2026-01-06,2026-02-24,24650,PE,34.0,35.45,34.0,35.45,25.5,9,1235,-65,26178.7
2026-01-06,2026-02-24,24200,PE,18.5,21.95,18.5,21.65,21.65,15,18525,390,26178.7
2026-01-06,2026-02-24,24150,PE,20.4,21.2,19.4,21.2,7.4,19,30550,-1040,26178.7
2026-01-06,2026-02-24,24000,PE,16.3,18.8,15.6,17.6,17.6,2922,313430,18590,26178.7
2026-01-06,2026-02-03,28100,PE,0.0,0.0,0.0,1781.8,1809.0,0,0,0,26178.7
2026-01-06,2026-02-03,28000,PE,0.0,0.0,0.0,1691.6,1711.5,0,0,0,26178.7
2026-01-06,2026-02-03,27900,PE,0.0,0.0,0.0,1602.65,1614.65,0,0,0,26178.7
2026-01-06,2026-02-03,27650,PE,0.0,0.0,0.0,1386.9,1376.25,0,0,0,26178.7
2026-01-06,2026-02-03,26750,PE,0.0,0.0,0.0,645.0,615.75,0,65,0,26178.7
2026-01-06,2026-02-03,26150,PE,211.0,229.1,194.95,222.55,222.55,80,3510,1755,26178.7
2026-01-06,2026-02-03,25250,PE,40.05,40.05,39.9,39.9,39.9,11,1560,650,26178.7
2026-01-06,2026-02-03,24350,PE,0.0,0.0,0.0,23.75,2.3,0,0,0,26178.7
2026-01-06,2026-02-03,24200,PE,0.0,0.0,0.0,17.2,1.25,0,0,0,26178.7
2026-01-06,2026-01-27,27500,PE,1119.25,1232.15,1098.85,1204.95,1204.95,632,851435,4615,26178.7
2026-01-06,2026-01-27,27300,PE,954.0,1033.0,933.95,1006.75,1006.75,122,11895,3315,26178.7
2026-01-06,2026-01-27,27050,PE,777.5,777.5,777.5,777.5,840.2,1,1170,0,26178.7
2026-01-06,2026-01-27,26750,PE,488.0,539.0,430.85,510.15,510.15,26,7085,-260,26178.7
2026-01-06,2026-01-27,26150,PE,163.9,171.1,125.75,156.15,156.15,15803,294905,84955,26178.7
2026-01-06,2026-01-27,25850,PE,73.0,81.0,59.35,72.3,72.3,5160,170755,27820,26178.7
2026-01-06,2026-01-27,25650,PE,40.7,48.6,36.85,42.9,42.9,1442,115570,650,26178.7
2026-01-06,2026-01-27,25050,PE,14.0,16.2,12.25,12.8,12.8,679,21515,-7475,26178.7
2026-01-06,2026-01-27,24850,PE,13.1,13.35,9.8,10.1,10.1,54,21125,130,26178.7
2026-01-06,2026-01-27,23850,PE,4.7,5.65,4.0,4.1,4.1,13,10010,260,26178.7
2026-01-06,2026-01-20,27350,PE,1092.2,1103.35,1092.2,1097.55,1097.55,3,65,0,26178.7
2026-01-06,2026-01-20,26700,PE,447.65,501.0,394.75,476.15,476.15,123,25610,-650,26178.7
2026-01-06,2026-01-20,25950,PE,60.05,75.25,51.4,64.15,64.15,2602,77025,36010,26178.7
2026-01-06,2026-01-13,27550,PE,1310.0,1330.85,1310.0,1326.75,1326.75,5,260,130,26178.7
2026-01-06,2026-01-13,27100,PE,831.95,898.15,781.85,892.4,892.4,100,15080,2795,26178.7
2026-01-06,2026-01-27,28050,CE,0.0,0.0,0.0,218.8,2.25,0,0,0,26178.7
2026-01-06,2026-02-03,25000,CE,0.0,0.0,0.0,1431.15,1304.5,0,0,0,26178.7
2026-01-06,2026-02-03,25650,CE,0.0,0.0,0.0,920.4,742.3,0,0,0,26178.7
2026-01-06,2026-02-03,27050,CE,83.75,83.75,63.45,66.8,66.8,8,455,455,26178.7
2026-01-06,2026-02-03,27150,CE,0.0,0.0,0.0,205.45,70.6,0,0,0,26178.7
2026-01-06,2026-02-24,24200,CE,0.0,0.0,0.0,2280.95,2165.15,0,195,0,26178.7
2026-01-06,2026-01-06,24650,CE,1498.0,1498.0,1492.0,1492.0,26178.7,7,390,-65,26178.7
2026-01-06,2026-02-24,24450,CE,1982.0,1982.0,1982.0,1982.0,1982.0,1,65,0,26178.7
2026-01-06,2026-02-24,25250,CE,0.0,0.0,0.0,1411.45,1200.85,0,130,0,26178.7
2026-01-06,2026-02-24,25850,CE,790.05,823.6,747.5,747.5,746.3,6,2145,-65,26178.7
2026-01-06,2026-02-24,26100,CE,651.6,673.6,585.0,596.85,596.85,370,60320,11635,26178.7
2026-01-06,2026-01-13,27000,PE,709.8,816.0,682.65,792.7,792.7,1433,138190,38025,26178.7
2026-01-06,2026-01-13,26500,PE,270.0,338.0,230.0,311.55,311.55,59162,673270,-346125,26178.7
2026-01-06,2026-01-13,26000,PE,44.75,52.75,29.1,39.25,39.25,447147,4976725,2070575,26178.7
2026-01-06,2026-01-13,25750,PE,16.0,17.6,9.1,10.0,10.0,90757,1185860,760370,26178.7
2026-01-06,2026-01-13,25600,PE,10.05,10.05,5.0,5.45,5.45,113987,2035735,1028625,26178.7
2026-01-06,2026-01-13,25300,PE,4.8,5.1,2.8,3.0,3.0,109333,2522845,1485315,26178.7
2026-01-06,2026-01-13,25100,PE,3.8,4.0,2.15,2.35,2.35,41191,732225,427440,26178.7
2026-01-06,2026-01-13,25000,PE,3.65,3.65,1.95,2.15,2.15,110707,2572505,841425,26178.7
2026-01-06,2026-01-13,24750,PE,4.4,4.4,1.6,1.8,1.8,2138,52780,28990,26178.7
2026-01-06,2026-01-06,28050,PE,0.0,0.0,0.0,1885.85,26178.7,0,0,0,26178.7
2026-01-06,2026-01-06,28000,PE,0.0,0.0,0.0,1839.15,26178.7,0,0,0,26178.7
2026-01-06,2026-01-06,27700,PE,1481.35,1481.35,1481.35,1481.35,26178.7,2,715,130,26178.7
2026-01-06,2026-01-06,27350,PE,0.0,0.0,0.0,1117.35,26178.7,0,195,0,26178.7
2026-01-06,2026-01-06,26800,PE,544.15,668.9,528.0,623.95,26178.7,799,25545,-4810,26178.7
2026-01-06,2026-01-06,26600,PE,343.95,469.15,328.7,424.0,26178.7,17839,52390,-77220,26178.7
2026-01-06,2026-01-06,26550,PE,324.05,419.0,277.8,373.6,26178.7,13974,43225,-27235,26178.7
2026-01-06,2026-01-06,26400,PE,176.1,270.9,131.25,224.15,26178.7,744181,509210,-989690,26178.7
2026-01-06,2026-01-06,25650,PE,1.0,1.1,0.05,0.1,26178.7,963158,3099330,378690,26178.7
2026-01-06,2026-01-06,25300,PE,0.8,0.85,0.05,0.1,26178.7,260731,3263325,-540735,26178.7
2026-01-06,2030-06-25,19500,CE,0.0,0.0,0.0,11140.25,10951.05,0,0,0,26178.7
2026-01-06,2029-12-24,34500,CE,0.0,0.0,0.0,2377.55,1774.2,0,0,0,26178.7
2026-01-06,2028-12-26,28000,CE,0.0,0.0,0.0,3200.0,3413.5,0,1115,0,26178.7
2026-01-06,2028-12-26,27000,CE,0.0,0.0,0.0,4437.95,3992.15,0,0,0,26178.7
2026-01-06,2028-06-27,24000,CE,0.0,0.0,0.0,3918.85,5459.4,0,0,0,26178.7
2026-01-06,2027-12-28,30000,CE,0.0,0.0,0.0,1877.7,1380.85,0,0,0,26178.7
2026-01-06,2027-12-28,28500,CE,0.0,0.0,0.0,2357.7,2003.0,0,0,0,26178.7
2026-01-06,2027-06-29,30000,CE,0.0,0.0,0.0,1478.4,884.0,0,0,0,26178.7
2026-01-06,2026-12-29,31500,CE,0.0,0.0,0.0,342.45,200.55,0,0,0,26178.7
2026-01-06,2026-09-29,28500,CE,0.0,0.0,0.0,727.3,562.3,0,0,0,26178.7
2026-01-06,2026-06-30,33000,CE,0.0,0.0,0.0,35.8,3.9,0,585,0,26178.7
2026-01-06,2026-06-30,26000,CE,1504.1,1525.6,1417.6,1433.25,1433.25,420,288440,5955,26178.7
2026-01-06,2026-06-30,19500,CE,0.0,0.0,0.0,7018.7,7186.2,0,0,0,26178.7
2026-01-06,2026-01-06,24000,CE,2210.0,2278.85,2138.25,2178.45,26178.7,753,25545,-24310,26178.7
2026-01-06,2026-01-06,24150,CE,0.0,0.0,0.0,2121.0,26178.7,0,195,0,26178.7
2026-01-06,2026-01-06,24450,CE,0.0,0.0,0.0,1896.8,26178.7,0,260,0,26178.7
2026-01-06,2026-01-06,24700,CE,1514.6,1547.2,1451.6,1485.4,26178.7,35,1495,-780,26178.7
2026-01-06,2026-01-06,24750,CE,0.0,0.0,0.0,1530.0,26178.7,0,195,0,26178.7
2026-01-06,2026-01-06,26050,CE,185.0,226.0,80.4,125.85,26178.7,1321957,506935,86385,26178.7
2026-01-06,2026-01-06,27100,CE,0.6,0.75,0.05,0.1,26178.7,258559,3395470,484510,26178.7
2026-01-06,2026-01-06,27700,CE,0.5,0.6,0.05,0.1,26178.7,38532,929825,-65325,26178.7
2026-01-06,2026-01-13,24200,CE,0.0,0.0,0.0,2052.5,2004.2,0,195,0,26178.7
2026-01-06,2026-01-13,24550,CE,1662.3,1662.3,1662.3,1662.3,1654.6,1,195,0,26178.7
2026-01-06,2026-01-13,26000,CE,318.0,349.95,230.6,246.95,246.95,101529,1699490,967980,26178.7
2026-01-06,2026-01-13,26850,CE,7.25,7.25,3.15,3.45,3.45,76684,1270490,618215,26178.7
2026-01-06,2026-01-13,27500,CE,1.15,1.25,1.0,1.15,1.15,138338,4059900,1363830,26178.7
2026-01-06,2026-01-13,27650,CE,0.95,1.0,0.85,0.95,0.95,851,37765,-3770,26178.7
2026-01-06,2026-01-20,24450,CE,1798.6,1798.6,1798.6,1798.6,1798.6,1,65,0,26178.7
2026-01-06,2026-01-20,25200,CE,1059.0,1059.0,1053.6,1056.3,1056.3,2,65,0,26178.7
2026-01-06,2026-01-20,25600,CE,704.35,746.0,615.4,659.8,659.8,18,5200,455,26178.7
2026-01-06,2026-01-20,25650,CE,710.8,710.8,690.0,690.0,632.45,2,520,0,26178.7
2026-01-06,2026-01-20,27700,CE,3.0,3.0,2.1,2.2,2.2,131,10205,4095,26178.7
2026-01-06,2026-01-27,24250,CE,0.0,0.0,0.0,2072.1,2005.75,0,65,0,26178.7
2026-01-06,2026-01-27,24550,CE,1732.15,1740.9,1732.15,1736.55,1736.55,2,130,65,26178.7
2026-01-06,2026-01-27,25000,CE,1380.0,1401.55,1265.0,1290.2,1290.2,986,787865,1820,26178.7
2026-01-06,2026-01-27,25100,CE,1230.0,1230.0,1180.0,1190.0,1173.45,91,9620,-2600,26178.7
2026-01-06,2026-01-27,25950,CE,490.0,523.5,415.4,433.45,433.45,394,67470,325,26178.7
2026-01-06,2026-01-27,26050,CE,411.0,446.5,346.95,359.15,359.15,1121,50505,-12350,26178.7
2026-01-06,2026-01-27,26950,CE,38.25,44.25,26.7,27.35,27.35,3485,164515,-17680,26178.7
2026-01-06,2026-01-27,27450,CE,0.0,0.0,0.0,354.2,17.6,0,0,0,26178.7
2026-01-06,2026-01-27,27600,CE,6.7,7.7,5.05,5.45,5.45,3696,396045,-11895,26178.7
2026-01-06,2026-01-27,28100,CE,3.8,4.0,3.4,3.5,3.5,13,520,520,26178.7
2026-01-06,2026-02-03,25500,CE,0.0,0.0,0.0,1018.1,861.8,0,65,0,26178.7
2026-01-06,2026-02-03,26000,CE,551.0,585.3,496.35,510.15,510.15,254,43095,1495,26178.7
2026-01-06,2026-02-03,26750,CE,0.0,0.0,0.0,329.7,157.05,0,0,0,26178.7
2026-01-06,2026-02-03,27950,CE,11.0,11.0,8.75,8.9,8.9,6,18850,260,26178.7
2026-01-06,2026-02-03,28100,CE,8.7,9.95,8.5,8.75,8.75,110,9685,6370,26178.7
2026-01-06,2026-02-24,24100,CE,2323.1,2323.1,2323.1,2323.1,2323.1,1,195,-65,26178.7
2026-01-06,2026-02-24,24600,CE,1841.8,1841.8,1841.8,1841.8,1841.8,1,65,0,26178.7
2026-01-06,2026-02-24,26050,CE,645.0,697.65,618.2,624.05,624.05,39,4290,715,26178.7
2026-01-06,2026-02-24,26400,CE,468.95,488.8,412.5,422.1,422.1,1367,373165,19630,26178.7
2026-01-06,2026-02-24,26500,CE,391.1,434.0,360.7,369.85,369.85,11610,1442415,23205,26178.7
2026-01-06,2030-12-31,31500,PE,0.0,0.0,0.0,1885.5,1613.35,0,0,0,26178.7
2026-01-06,2030-06-25,31500,PE,0.0,0.0,0.0,2056.3,1780.5,0,0,0,26178.7
2026-01-06,2030-06-25,25500,PE,0.0,0.0,0.0,568.55,374.1,0,0,0,26178.7
2026-01-06,2030-06-25,19500,PE,0.0,0.0,0.0,64.95,23.35,0,0,0,26178.7
2026-01-06,2029-06-26,25500,PE,0.0,0.0,0.0,624.25,415.95,0,0,0,26178.7
2026-01-06,2026-01-27,27850,PE,1550.85,1561.2,1550.85,1556.05,1556.05,2,195,65,26178.7
2026-01-06,2026-01-27,28050,PE,0.0,0.0,0.0,1679.3,1784.9,0,65,0,26178.7
2026-01-06,2026-02-03,25300,PE,44.0,45.55,41.1,42.0,42.0,125,7735,6695,26178.7
2026-01-06,2026-02-03,26400,PE,320.55,347.0,285.0,331.7,331.7,89,4745,1235,26178.7
2026-01-06,2026-02-03,26600,PE,0.0,0.0,0.0,627.05,514.1,0,0,0,26178.7
2026-01-06,2026-02-03,27100,PE,0.0,0.0,0.0,792.0,885.8,0,65,0,26178.7
2026-01-06,2026-02-24,24050,PE,0.0,0.0,0.0,93.3,5.6,0,0,0,26178.7
2026-01-06,2026-02-24,24100,PE,20.0,20.1,18.45,18.95,18.95,8,8840,-260,26178.7
2026-01-06,2026-02-24,25850,PE,171.35,200.35,166.1,190.9,190.9,160,15860,2600,26178.7
2026-01-06,2026-02-24,26100,PE,252.1,280.0,235.7,267.45,267.45,1686,172575,8645,26178.7
2026-01-06,2026-02-24,26150,PE,277.75,297.5,252.0,285.05,285.05,465,17290,-910,26178.7
2026-01-06,2026-02-24,26400,PE,368.0,407.7,343.75,390.25,390.25,1095,372515,15990,26178.7
2026-01-06,2026-02-24,26800,PE,565.8,615.95,535.9,599.5,599.5,101,71435,325,26178.7
2026-01-06,2026-02-24,27750,PE,1347.75,1347.75,1340.3,1344.05,1344.05,2,65,0,26178.7
2026-01-06,2026-02-24,28100,PE,1675.05,1675.05,1675.05,1675.05,1675.05,1,65,65,26178.7
2026-01-06,2026-03-30,25800,PE,204.35,233.05,204.35,225.4,225.4,257,36725,8060,26178.7
2026-01-06,2026-03-30,26250,PE,313.2,371.0,313.2,363.6,363.6,102,6565,260,26178.7
2026-01-06,2026-03-30,27050,PE,740.4,740.4,740.4,740.4,889.05,1,1105,-65,26178.7
2026-01-06,2026-03-30,27100,PE,766.05,770.85,766.05,768.45,768.45,2,2340,0,26178.7
2026-01-06,2026-03-30,27250,PE,0.0,0.0,0.0,814.7,1022.85,0,130,0,26178.7
2026-01-06,2026-03-30,27400,PE,893.95,945.35,893.95,902.5,1129.2,31,5005,975,26178.7
2026-01-06,2026-03-30,28100,PE,0.0,0.0,0.0,1474.5,1683.55,0,0,0,26178.7
2026-01-06,2026-06-30,26000,PE,385.45,385.45,348.25,372.85,372.85,1608,743465,8420,26178.7
2026-01-06,2026-06-30,27000,PE,660.6,723.55,655.25,707.45,707.45,1947,984210,41210,26178.7
2026-01-06,2026-06-30,28000,PE,1209.05,1266.0,1168.5,1246.9,1246.9,749,531525,33670,26178.7
2026-01-06,2026-09-29,26000,PE,412.5,451.0,405.45,428.75,428.75,111,41855,4550,26178.7
2026-01-06,2026-12-29,22000,PE,115.0,115.0,106.1,110.3,110.3,79,190980,390,26178.7
2026-01-06,2026-12-29,33000,PE,0.0,0.0,0.0,5263.45,5178.25,0,0,0,26178.7
2026-01-06,2027-06-29,33000,PE,0.0,0.0,0.0,4691.7,4537.05,0,0,0,26178.7
2026-01-06,2027-12-28,30000,PE,0.0,0.0,0.0,4140.9,2113.65,0,0,0,26178.7
2026-01-06,2028-06-27,31500,PE,0.0,0.0,0.0,2935.6,2675.05,0,0,0,26178.7
2026-01-06,2028-12-26,22500,PE,0.0,0.0,0.0,218.8,109.35,0,0,0,26178.7
2026-01-06,2028-12-26,30000,PE,0.0,0.0,0.0,2352.75,1722.1,0,0,0,26178.7
2026-01-06,2030-06-25,22500,PE,0.0,0.0,0.0,223.75,115.4,0,0,0,26178.7
2026-01-06,2030-12-31,22500,PE,0.0,0.0,0.0,219.35,113.55,0,0,0,26178.7
2026-01-06,2026-01-06,25950,CE,294.55,325.0,180.25,226.4,26178.7,95904,136305,-77220,26178.7
2026-01-06,2026-01-06,25400,CE,805.0,874.25,731.55,778.45,26178.7,1002,10660,-29315,26178.7
2026-01-06,2026-01-06,24250,CE,1890.0,1890.0,1890.0,1890.0,26178.7,3,260,-195,26178.7
2026-01-06,2026-01-27,27250,PE,964.25,964.25,964.25,964.25,1016.9,1,585,-65,26178.7
2026-01-06,2026-01-27,26650,PE,389.0,454.8,362.3,432.15,432.15,67,13715,-1365,26178.7
2026-01-06,2026-01-27,25900,PE,81.0,91.35,66.95,82.0,82.0,34562,1483170,416780,26178.7
2026-01-06,2026-01-27,23950,PE,3.25,5.9,3.25,5.5,5.5,69,4550,1235,26178.7
2026-01-06,2026-01-20,27950,PE,1689.9,1689.9,1689.9,1689.9,1689.9,1,650,0,26178.7
2026-01-06,2026-01-20,27250,PE,998.0,998.0,998.0,998.0,998.0,1,65,0,26178.7
2026-01-06,2026-01-20,26200,PE,141.4,162.6,112.9,146.2,146.2,31479,522145,182455,26178.7
2026-01-06,2026-01-20,25900,PE,56.35,64.1,43.65,53.85,53.85,7245,251485,38610,26178.7
2026-01-06,2026-01-20,25750,PE,30.7,39.75,28.0,31.05,31.05,2469,68770,14885,26178.7
2026-01-06,2026-01-20,24300,PE,0.0,0.0,0.0,4.0,0.05,0,195,0,26178.7
2026-01-06,2026-01-13,27300,PE,1038.0,1119.0,988.2,1091.75,1091.75,155,2730,1690,26178.7
2026-01-06,2026-01-13,27250,PE,1040.05,1040.05,1040.05,1040.05,1043.6,1,130,-65,26178.7
2026-01-06,2026-01-13,27200,PE,896.05,1009.5,896.0,993.35,993.35,252,25350,10920,26178.7
2026-01-06,2026-01-13,26800,PE,497.25,620.0,489.0,595.3,595.3,1235,102830,6500,26178.7
2026-01-06,2026-01-13,24000,PE,1.6,1.6,1.1,1.25,1.25,34733,1722240,635245,26178.7
2026-01-06,2026-01-06,27900,PE,1660.0,1760.0,1632.8,1725.5,26178.7,66,25155,-2600,26178.7
2026-01-06,2026-01-06,27850,PE,0.0,0.0,0.0,1789.05,26178.7,0,65,0,26178.7
2026-01-06,2026-01-06,26300,PE,92.6,171.55,53.1,124.35,26178.7,5484980,1972815,-4778865,26178.7
2026-01-06,2026-01-06,26150,PE,22.8,35.0,0.05,0.5,26178.7,49334923,27430585,19023485,26178.7
2026-01-06,2026-01-06,25550,PE,0.7,0.9,0.05,0.1,26178.7,235340,882895,-8645,26178.7
2026-01-06,2026-01-06,24900,PE,0.6,0.7,0.05,0.1,26178.7,63227,680745,-413400,26178.7
2026-01-06,2026-01-06,24500,PE,0.5,0.6,0.05,0.05,26178.7,77354,1272115,-858260,26178.7
2026-01-06,2030-12-31,22500,CE,0.0,0.0,0.0,9536.95,9189.0,0,0,0,26178.7
2026-01-06,2030-12-31,19500,CE,0.0,0.0,0.0,11601.15,11380.75,0,0,0,26178.7
2026-01-06,2029-06-26,24000,CE,0.0,0.0,0.0,8085.35,6579.2,0,0,0,26178.7
2026-01-06,2028-06-27,19500,CE,0.0,0.0,0.0,9209.1,9171.1,0,0,0,26178.7
2026-01-06,2027-06-29,21000,CE,0.0,0.0,0.0,3061.8,6835.05,0,0,0,26178.7
2026-01-06,2027-06-29,19000,CE,0.0,0.0,0.0,7800.0,8662.75,0,75,0,26178.7
2026-01-06,2026-12-29,27000,CE,1793.0,1828.35,1741.95,1752.3,1752.3,274,275555,1850,26178.7
2026-01-06,2026-12-29,22500,CE,0.0,0.0,0.0,4860.75,4896.6,0,0,0,26178.7
2026-01-06,2026-09-29,27000,CE,0.0,0.0,0.0,1156.15,1152.05,0,0,0,26178.7
2026-01-06,2026-09-29,18000,CE,0.0,0.0,0.0,7684.05,8885.9,0,0,0,26178.7
2026-01-06,2026-06-30,31500,CE,0.0,0.0,0.0,54.15,20.45,0,0,0,26178.7
2026-01-06,2026-06-30,12000,CE,0.0,0.0,0.0,8690.0,14491.0,0,50,0,26178.7
2026-01-06,2026-03-30,31000,CE,5.4,6.35,4.55,4.9,4.9,2016,233510,-10245,26178.7
2026-01-06,2026-03-30,27850,CE,0.0,0.0,0.0,215.9,150.6,0,0,0,26178.7
2026-01-06,2026-03-30,27450,CE,0.0,0.0,0.0,196.45,235.6,0,6045,0,26178.7
2026-01-06,2026-03-30,26300,CE,715.0,766.0,686.25,699.65,699.65,101,15990,3380,26178.7
2026-01-06,2026-03-30,25600,CE,0.0,0.0,0.0,1317.7,1124.75,0,65,0,26178.7
2026-01-06,2026-03-30,24950,CE,0.0,0.0,0.0,1575.55,1635.75,0,0,0,26178.7
2026-01-06,2026-03-30,24750,CE,0.0,0.0,0.0,1731.05,1808.15,0,0,0,26178.7
2026-01-06,2026-03-30,24650,CE,0.0,0.0,0.0,1811.2,1896.5,0,0,0,26178.7
2026-01-06,2026-03-30,24600,CE,0.0,0.0,0.0,1851.85,1941.15,0,0,0,26178.7
2026-01-06,2026-03-30,24500,CE,0.0,0.0,0.0,1934.2,2031.35,0,0,0,26178.7
2026-01-06,2026-02-24,25350,CE,1154.45,1154.45,1154.45,1154.45,1154.45,1,65,-65,26178.7
2026-01-06,2026-02-24,25000,CE,1499.0,1557.75,1451.1,1472.6,1472.6,451,109785,-8320,26178.7
2026-01-06,2026-02-24,24250,CE,2174.45,2174.45,2174.45,2174.45,2174.45,1,65,0,26178.7
2026-01-06,2026-02-03,26900,CE,0.0,0.0,0.0,277.95,118.25,0,0,0,26178.7
2026-01-06,2026-02-03,26850,CE,120.0,136.35,98.05,104.4,104.4,123,6695,-1300,26178.7
2026-01-06,2026-02-03,25650,PE,89.1,89.3,85.65,85.75,85.75,39,2405,2405,26178.7
2026-01-06,2026-02-03,25700,PE,84.0,99.4,83.2,92.9,92.9,304,17940,12090,26178.7
2026-01-06,2026-02-03,26000,PE,156.7,179.6,142.4,168.55,168.55,1090,70395,13845,26178.7
2026-01-06,2026-02-03,26850,PE,0.0,0.0,0.0,781.7,688.5,0,0,0,26178.7
2026-01-06,2026-02-03,27350,PE,0.0,0.0,0.0,1142.75,1101.1,0,0,0,26178.7
2026-01-06,2026-02-03,27500,PE,0.0,0.0,0.0,1262.6,1236.8,0,0,0,26178.7
2026-01-06,2026-02-03,27950,PE,0.0,0.0,0.0,1646.95,1663.0,0,0,0,26178.7
2026-01-06,2026-02-24,24800,PE,39.0,44.9,36.35,41.95,41.95,2259,209755,-19305,26178.7
2026-01-06,2026-02-24,24950,PE,48.05,55.0,45.7,51.25,51.25,50,2080,1300,26178.7
2026-01-06,2026-02-24,25150,PE,61.35,71.65,61.35,68.65,68.65,26,3770,780,26178.7
2026-01-06,2026-02-24,25500,PE,113.0,124.75,103.6,117.5,117.5,7855,1391715,79625,26178.7
2026-01-06,2026-02-24,25600,PE,119.95,140.45,116.1,132.65,132.65,1515,223665,8645,26178.7
2026-01-06,2026-02-24,26600,PE,449.9,507.4,436.5,489.85,489.85,708,426205,-13390,26178.7
2026-01-06,2026-02-24,26750,PE,568.5,568.5,568.5,568.5,568.5,1,585,-65,26178.7
2026-01-06,2026-02-24,27250,PE,918.1,918.1,918.1,918.1,918.1,1,130,65,26178.7
2026-01-06,2026-02-24,27800,PE,1415.4,1415.4,1353.75,1353.75,1475.55,2,325,0,26178.7
2026-01-06,2026-03-30,19000,PE,4.55,5.1,4.1,4.45,4.45,107,102760,-65,26178.7
2026-01-06,2026-03-30,20000,PE,6.95,7.7,6.1,7.15,7.15,977,167490,33675,26178.7
2026-01-06,2026-03-30,24700,PE,65.45,70.15,63.5,70.15,66.5,24,3705,910,26178.7
2026-01-06,2026-03-30,24750,PE,68.8,73.1,67.4,73.1,71.85,10,2080,-520,26178.7
2026-01-06,2026-03-30,24900,PE,83.5,84.0,83.5,83.75,83.75,5,2210,0,26178.7
2026-01-06,2026-03-30,25300,PE,115.95,133.3,115.95,127.75,127.75,781,106665,26390,26178.7
2026-01-06,2026-03-30,25400,PE,131.95,149.1,127.7,143.25,143.25,770,86645,21060,26178.7
2026-01-06,2026-03-30,26200,PE,330.55,359.3,309.8,347.6,347.6,604,53820,9490,26178.7
2026-01-06,2026-03-30,27550,PE,1065.85,1065.85,1065.85,1065.85,1065.85,1,130,-65,26178.7
2026-01-06,2026-03-30,29000,PE,2277.95,2354.75,2277.95,2347.95,2347.95,99,394870,1430,26178.7
2026-01-06,2026-06-30,22500,PE,0.0,0.0,0.0,37.2,8.95,0,0,0,26178.7
2026-01-06,2026-12-29,19000,PE,40.5,40.5,40.5,40.5,0.35,1,3225,65,26178.7
2026-01-06,2026-12-29,26000,PE,488.4,505.05,475.5,496.35,496.35,891,932130,17925,26178.7
2026-01-06,2026-12-29,28500,PE,0.0,0.0,0.0,1948.15,1673.95,0,0,0,26178.7
2026-01-06,2026-12-29,29000,PE,1579.0,1613.0,1570.0,1600.0,1600.0,36,74200,-520,26178.7
2026-01-06,2029-06-26,18000,PE,0.0,0.0,0.0,118.45,5.85,0,0,0,26178.7
2026-01-06,2028-12-26,26000,PE,0.0,0.0,0.0,920.0,524.0,0,4405,0,26178.7
2026-01-06,2028-12-26,19500,PE,0.0,0.0,0.0,49.0,15.5,0,0,0,26178.7
2026-01-06,2028-06-27,30000,PE,0.0,0.0,0.0,3779.25,1903.25,0,0,0,26178.7
2026-01-06,2028-06-27,28500,PE,0.0,0.0,0.0,1560.85,1273.3,0,0,0,26178.7
2026-01-06,2027-12-28,22500,PE,0.0,0.0,0.0,186.5,87.4,0,0,0,26178.7
2026-01-06,2027-12-28,20000,PE,0.0,0.0,0.0,180.0,12.15,0,3800,0,26178.7
2026-01-06,2027-12-28,19500,PE,0.0,0.0,0.0,29.25,7.5,0,0,0,26178.7
2026-01-06,2027-12-28,19000,PE,0.0,0.0,0.0,140.05,4.5,0,675,0,26178.7
2026-01-06,2027-12-28,18000,PE,0.0,0.0,0.0,97.05,1.45,0,11550,0,26178.7
2026-01-06,2026-09-29,27000,PE,690.0,718.95,659.95,697.25,697.25,77,18470,1885,26178.7
2026-01-06,2026-06-30,34500,PE,0.0,0.0,0.0,7540.2,7424.05,0,0,0,26178.7
2026-01-06,2026-06-30,28500,PE,0.0,0.0,0.0,2121.75,1872.9,0,0,0,26178.7
2026-01-06,2026-06-30,25000,PE,182.05,191.0,170.05,183.75,183.75,2200,776325,33425,26178.7
2026-01-06,2026-03-30,26350,PE,393.7,408.75,393.7,403.35,500.5,9,4485,-260,26178.7
2026-01-06,2026-03-30,26300,PE,370.0,392.4,345.5,380.6,380.6,194,25350,-3185,26178.7
2026-01-06,2026-03-30,24200,PE,38.7,43.05,38.7,42.0,42.0,31,7150,390,26178.7
2026-01-06,2026-02-24,27400,PE,1042.9,1042.9,1042.9,1042.9,1133.45,1,1040,-65,26178.7
2026-01-06,2026-02-24,25950,PE,208.0,228.3,193.0,216.15,216.15,152,9815,-2210,26178.7
2026-01-06,2026-02-24,24750,PE,36.8,40.75,36.8,40.75,31.85,25,3770,65,26178.7
2026-01-06,2026-02-24,24450,PE,24.2,29.15,24.2,28.0,28.0,20,2600,260,26178.7
2026-01-06,2026-02-03,27250,PE,0.0,0.0,0.0,1065.6,1013.15,0,0,0,26178.7
2026-01-06,2026-02-03,26900,PE,0.0,0.0,0.0,814.8,726.3,0,0,0,26178.7
2026-01-06,2026-02-03,26700,PE,0.0,0.0,0.0,686.65,580.85,0,0,0,26178.7
2026-01-06,2026-02-03,26450,PE,0.0,0.0,0.0,543.35,422.15,0,0,0,26178.7
2026-01-06,2026-02-03,26350,PE,285.0,315.0,285.0,303.1,303.1,18,1885,325,26178.7
2026-01-06,2026-02-03,25950,PE,142.25,154.05,137.1,154.05,190.9,14,2145,195,26178.7
2026-01-06,2026-02-03,25900,PE,131.15,149.95,122.0,138.65,138.65,273,12870,5850,26178.7
2026-01-06,2026-02-03,24850,PE,19.3,20.75,19.3,20.25,20.25,18,2015,-585,26178.7
2026-01-06,2026-01-27,27900,PE,1572.65,1626.15,1511.0,1598.45,1598.45,204,386750,2145,26178.7
2026-01-06,2026-01-27,27400,PE,1070.0,1110.0,1056.8,1110.0,1155.2,5,6175,-65,26178.7
2026-01-06,2026-01-27,26950,PE,632.2,632.2,632.2,632.2,756.05,1,2145,0,26178.7
2026-01-06,2026-01-27,26600,PE,356.95,421.25,327.45,397.05,397.05,2359,288925,-2730,26178.7
2026-01-06,2026-01-27,26500,PE,300.0,354.05,250.1,331.6,331.6,26639,1766635,120055,26178.7
2026-01-06,2026-01-27,26050,PE,117.9,134.65,97.95,121.95,121.95,4480,143325,-33670,26178.7
2026-01-06,2026-01-27,24700,PE,10.8,10.8,8.2,8.55,8.55,2508,272350,28470,26178.7
2026-01-06,2026-01-27,24000,PE,5.9,5.95,5.0,5.25,5.25,5838,2110355,13585,26178.7
2026-01-06,2026-02-24,27150,CE,154.2,154.2,128.0,130.45,130.45,101,18850,-260,26178.7
2026-01-06,2026-02-24,27450,CE,81.9,88.75,71.0,71.4,71.4,81,7735,-520,26178.7
2026-01-06,2026-02-24,27550,CE,65.95,70.0,58.15,59.55,59.55,256,6240,2535,26178.7
2026-01-06,2026-02-24,28100,CE,0.0,0.0,0.0,182.6,34.05,0,0,0,26178.7
2026-01-06,2026-03-30,24250,CE,0.0,0.0,0.0,2146.1,2261.4,0,0,0,26178.7
2026-01-06,2026-03-30,25250,CE,0.0,0.0,0.0,1355.1,1389.5,0,0,0,26178.7
2026-01-06,2026-03-30,25300,CE,0.0,0.0,0.0,1320.05,1350.1,0,0,0,26178.7
2026-01-06,2026-03-30,25400,CE,0.0,0.0,0.0,1368.45,1272.85,0,0,0,26178.7
2026-01-06,2026-03-30,25500,CE,1290.0,1325.0,1245.15,1265.2,1265.2,89,25025,2340,26178.7
2026-01-06,2026-03-30,25900,CE,962.05,981.9,962.05,972.0,972.0,2,1040,65,26178.7
2026-01-06,2026-03-30,27250,CE,258.6,258.6,244.6,256.45,256.45,11,3900,0,26178.7
2026-01-06,2026-03-30,27550,CE,0.0,0.0,0.0,282.0,211.45,0,0,0,26178.7
2026-01-06,2026-03-30,28000,CE,91.45,101.6,85.4,86.9,86.9,4693,1571905,34495,26178.7
2026-01-06,2026-01-27,23750,PE,4.0,4.3,3.15,3.5,3.5,921,273520,195,26178.7
2026-01-06,2026-01-20,27900,PE,1641.05,1651.4,1641.05,1646.25,1646.25,2,65,-65,26178.7
2026-01-06,2026-01-20,26650,PE,398.5,444.45,358.65,436.25,436.25,25,975,-585,26178.7
2026-01-06,2026-01-20,26400,PE,228.4,270.05,197.35,250.5,250.5,4459,139100,-11765,26178.7
2026-01-06,2026-01-20,25650,PE,44.1,44.1,21.0,21.8,21.8,535,22815,22750,26178.7
2026-01-06,2026-01-20,25350,PE,12.35,13.7,9.3,9.8,9.8,481,18070,13130,26178.7
2026-01-06,2026-01-20,25100,PE,9.1,9.1,5.7,6.2,6.2,1305,71240,11115,26178.7
2026-01-06,2026-01-20,24850,PE,3.75,5.3,3.7,3.85,3.85,321,6305,5525,26178.7
2026-01-06,2026-01-13,27350,PE,1137.15,1137.15,1137.15,1137.15,1143.0,1,130,-65,26178.7
2026-01-06,2026-01-13,26950,PE,700.0,750.0,651.15,746.35,746.35,19,910,-65,26178.7
2026-01-06,2026-01-13,26100,PE,72.0,81.65,47.7,65.85,65.85,538670,3377595,1603095,26178.7
2026-01-06,2026-01-13,25200,PE,4.0,4.4,2.4,2.6,2.6,70771,1590745,460395,26178.7
2026-01-06,2026-01-13,25150,PE,4.25,4.25,2.25,2.45,2.45,12240,162240,74230,26178.7
2026-01-06,2026-01-13,24700,PE,3.3,3.3,1.55,1.7,1.7,12721,353665,79105,26178.7
2026-01-06,2026-01-06,26950,PE,707.75,818.7,685.3,774.25,26178.7,197,16510,65,26178.7
2026-01-06,2026-01-06,26900,PE,636.15,768.6,635.7,723.2,26178.7,401,19890,-2665,26178.7
2026-01-06,2026-01-06,26700,PE,438.1,568.15,426.45,523.2,26178.7,3867,55250,-64545,26178.7
2026-01-06,2026-01-06,26500,PE,262.45,371.5,227.7,324.15,26178.7,154114,289640,-641290,26178.7
2026-01-06,2026-01-06,25150,PE,0.85,0.85,0.05,0.1,26178.7,135374,806065,278005,26178.7
2026-01-06,2026-01-06,24950,PE,0.65,0.75,0.05,0.05,26178.7,24208,198055,-17810,26178.7
2026-01-06,2026-01-06,24300,PE,0.6,0.65,0.05,0.1,26178.7,50978,924950,-182195,26178.7
2026-01-06,2026-01-06,24250,PE,0.55,0.65,0.05,0.1,26178.7,16300,193115,73580,26178.7
2026-01-06,2026-01-06,24100,PE,0.5,0.6,0.05,0.1,26178.7,38482,1065285,-29445,26178.7
2026-01-06,2026-01-06,24050,PE,0.5,0.55,0.05,0.1,26178.7,9387,177645,-17745,26178.7
2026-01-06,2030-12-31,34500,CE,0.0,0.0,0.0,3406.35,2673.85,0,0,0,26178.7
2026-01-06,2030-06-25,18000,CE,0.0,0.0,0.0,12423.9,12109.3,0,0,0,26178.7
2026-01-06,2029-12-24,25500,CE,0.0,0.0,0.0,6500.6,6073.1,0,0,0,26178.7
2026-01-06,2029-06-26,22500,CE,0.0,0.0,0.0,7946.5,7703.1,0,0,0,26178.7
2026-01-06,2029-06-26,21000,CE,0.0,0.0,0.0,9799.75,8878.4,0,0,0,26178.7
2026-01-06,2029-06-26,19500,CE,0.0,0.0,0.0,10206.95,10086.55,0,0,0,26178.7
2026-01-06,2027-12-28,25500,CE,0.0,0.0,0.0,4013.5,3758.45,0,0,0,26178.7
2026-01-06,2027-06-29,25500,CE,0.0,0.0,0.0,3312.45,3114.9,0,0,0,26178.7
2026-01-06,2026-12-29,34500,CE,0.0,0.0,0.0,89.2,33.4,0,0,0,26178.7
2026-01-06,2026-12-29,19500,CE,0.0,0.0,0.0,7586.85,7700.8,0,0,0,26178.7
2026-01-06,2026-09-29,33000,CE,0.0,0.0,0.0,117.05,28.65,0,0,0,26178.7
2026-01-06,2026-09-29,30000,CE,208.0,209.85,190.0,191.35,191.35,287,59360,2315,26178.7
2026-01-06,2026-09-29,25500,CE,0.0,0.0,0.0,2146.7,2056.25,0,0,0,26178.7
2026-01-06,2026-09-29,22500,CE,0.0,0.0,0.0,4506.85,4586.35,0,0,0,26178.7
2026-01-06,2026-06-30,22500,CE,0.0,0.0,0.0,4144.7,4273.25,0,0,0,26178.7
2026-01-06,2026-02-03,25550,PE,0.0,0.0,0.0,189.5,84.85,0,0,0,26178.7
2026-01-06,2026-01-06,24100,CE,0.0,0.0,0.0,2241.0,26178.7,0,325,0,26178.7
2026-01-06,2026-01-06,25050,CE,1174.05,1223.9,1102.3,1123.6,26178.7,63,1170,-1560,26178.7
2026-01-06,2026-01-06,25850,CE,392.15,424.9,281.0,325.85,26178.7,10896,78260,-44655,26178.7
2026-01-06,2026-01-06,26000,CE,215.0,275.0,130.3,175.75,26178.7,935239,1443585,-1246635,26178.7
2026-01-06,2026-01-06,26850,CE,0.65,0.9,0.05,0.1,26178.7,452403,1348165,-122395,26178.7
2026-01-06,2026-01-06,27350,CE,0.4,0.8,0.05,0.05,26178.7,54043,356070,-101335,26178.7
2026-01-06,2026-01-06,27450,CE,0.5,0.7,0.05,0.1,26178.7,53801,666445,82680,26178.7
2026-01-06,2026-01-06,27750,CE,0.45,0.6,0.05,0.1,26178.7,21378,101595,45890,26178.7
2026-01-06,2026-01-13,24000,CE,2275.05,2276.0,2175.5,2199.8,2199.8,744,64025,43485,26178.7
2026-01-06,2026-01-13,24700,CE,1490.0,1500.0,1488.0,1498.45,1498.45,20,2210,1235,26178.7
2026-01-06,2026-01-13,24800,CE,1445.0,1454.0,1393.0,1410.0,1410.0,38,5785,1430,26178.7
2026-01-06,2026-01-13,24950,CE,1245.0,1245.0,1242.0,1242.0,1255.15,2,195,130,26178.7
2026-01-06,2026-01-13,25450,CE,821.9,821.9,755.0,763.35,763.35,35,2470,2145,26178.7
2026-01-06,2026-01-13,26500,CE,25.65,52.0,18.65,19.85,19.85,530992,7401875,4103710,26178.7
2026-01-06,2026-01-13,26650,CE,18.0,21.65,7.6,8.2,8.2,163133,1385410,758940,26178.7
2026-01-06,2026-01-13,26900,CE,4.9,5.55,2.75,3.0,3.0,222856,4547270,3202225,26178.7
2026-01-06,2026-01-13,27300,CE,1.8,1.85,1.2,1.25,1.25,66278,1473940,999180,26178.7
2026-01-06,2026-01-13,27950,CE,0.9,1.05,0.75,0.85,0.85,323,27820,455,26178.7
2026-01-06,2026-01-20,24250,CE,1996.2,1996.2,1996.2,1996.2,1996.2,1,65,0,26178.7
2026-01-06,2026-01-20,24500,CE,1738.65,1738.65,1738.65,1738.65,1730.55,1,65,0,26178.7
2026-01-06,2026-01-06,24150,PE,0.5,1.05,0.05,0.1,26178.7,11575,131885,78390,26178.7
2026-01-06,2026-01-06,24400,PE,0.5,0.65,0.05,0.05,26178.7,16324,163345,-130130,26178.7
2026-01-06,2026-01-06,24700,PE,0.6,0.7,0.05,0.05,26178.7,68706,1102985,76505,26178.7
2026-01-06,2026-01-06,25700,PE,0.95,1.2,0.05,0.1,26178.7,1303930,4332900,-3822325,26178.7
2026-01-06,2026-01-06,26350,PE,138.0,221.6,88.2,174.0,26178.7,1249567,583245,-929890,26178.7
2026-01-06,2026-01-06,26450,PE,236.95,320.1,178.65,274.3,26178.7,125886,129220,-235430,26178.7
2026-01-06,2026-01-06,27100,PE,863.85,968.9,838.8,925.4,26178.7,51,9555,195,26178.7
2026-01-06,2026-01-13,24150,PE,1.9,1.9,1.15,1.4,1.4,333,11830,6500,26178.7
2026-01-06,2026-01-13,24300,PE,2.0,2.1,1.2,1.35,1.35,5064,96265,72800,26178.7
2026-01-06,2026-01-13,24500,PE,2.2,2.25,1.45,1.6,1.6,31757,966940,454480,26178.7
2026-01-06,2026-01-13,24800,PE,4.55,4.55,1.75,1.9,1.9,27102,613795,399360,26178.7
2026-01-06,2026-01-13,24900,PE,3.15,3.2,1.85,2.0,2.0,18852,421525,279955,26178.7
2026-01-06,2026-01-13,25350,PE,4.7,5.45,3.0,3.25,3.25,31925,315185,164385,26178.7
2026-01-06,2026-01-13,25950,PE,34.95,41.35,23.3,29.55,29.55,167867,1598350,987675,26178.7
2026-01-06,2026-01-13,26650,PE,380.05,471.9,352.35,450.4,450.4,890,16250,-975,26178.7
2026-01-06,2026-01-13,26700,PE,460.95,520.0,395.5,496.35,496.35,4147,118170,79950,26178.7
2026-01-06,2026-01-20,24700,PE,4.5,5.5,3.25,3.9,3.9,179,16900,3770,26178.7
2026-01-06,2026-01-20,24900,PE,6.75,6.8,4.0,4.45,4.45,361,17875,5070,26178.7
2026-01-06,2026-01-20,27100,PE,852.6,852.6,846.7,849.65,849.65,2,0,0,26178.7
2026-01-06,2026-01-20,27500,PE,0.0,0.0,0.0,1169.1,1267.55,0,2145,0,26178.7
2026-01-06,2026-01-20,28050,PE,1802.65,1802.65,1802.65,1802.65,1802.65,1,65,65,26178.7
2026-01-06,2026-01-27,24300,PE,7.4,7.65,5.65,6.2,6.2,276,164580,-6305,26178.7
2026-01-06,2026-01-27,25600,PE,40.65,43.75,33.0,37.85,37.85,11874,1233635,5200,26178.7
2026-01-06,2026-01-27,25950,PE,85.75,104.5,76.45,93.95,93.95,3953,212290,-8190,26178.7
2026-01-06,2026-01-27,26400,PE,256.3,295.0,219.55,271.55,271.55,24892,1099605,-232830,26178.7
2026-01-06,2026-01-06,24050,CE,2035.55,2035.55,2035.55,2035.55,26178.7,1,390,65,26178.7
2026-01-06,2026-01-27,26550,PE,342.6,383.6,298.95,363.1,363.1,554,25480,-3445,26178.7
2026-01-06,2026-01-27,27450,PE,1164.4,1169.6,1164.4,1169.6,1202.15,2,195,0,26178.7
2026-01-06,2026-02-03,25350,PE,49.25,51.1,45.4,49.55,52.9,19,1560,1235,26178.7
2026-01-06,2026-02-03,25500,PE,65.0,67.85,56.1,63.05,63.05,651,52325,12740,26178.7
2026-01-06,2030-06-25,34500,PE,0.0,0.0,0.0,3237.2,3012.3,0,0,0,26178.7
2026-01-06,2030-06-25,28500,PE,0.0,0.0,0.0,1167.6,905.5,0,0,0,26178.7
2026-01-06,2030-06-25,27000,PE,0.0,0.0,0.0,1286.05,600.05,0,0,0,26178.7
2026-01-06,2030-06-25,24000,PE,0.0,0.0,0.0,698.15,217.0,0,0,0,26178.7
2026-01-06,2029-06-26,31500,PE,0.0,0.0,0.0,2443.35,2167.65,0,0,0,26178.7
2026-01-06,2028-12-26,24000,PE,0.0,0.0,0.0,888.05,230.95,0,1800,0,26178.7
2026-01-06,2028-12-26,22000,PE,0.0,0.0,0.0,425.0,82.7,0,375,0,26178.7
2026-01-06,2027-12-28,27000,PE,1000.0,1000.05,1000.0,1000.05,1000.05,2,2990,0,26178.7
2026-01-06,2027-12-28,15000,PE,0.0,0.0,0.0,39.0,0.05,0,625,0,26178.7
2026-01-06,2027-06-29,25500,PE,0.0,0.0,0.0,667.15,447.0,0,0,0,26178.7
2026-01-06,2026-12-29,28000,PE,1088.05,1128.95,1075.0,1110.1,1110.1,278,459575,7020,26178.7
2026-01-06,2026-12-29,16000,PE,20.05,20.05,20.05,20.05,20.05,1,2620,0,26178.7
2026-01-06,2026-12-29,12000,PE,0.0,0.0,0.0,1.25,0.05,0,650,0,26178.7
2026-01-06,2026-09-29,21000,PE,0.0,0.0,0.0,112.6,3.0,0,0,0,26178.7
2026-01-06,2026-06-30,30000,PE,2773.9,2813.9,2773.9,2813.9,3127.45,2,14720,65,26178.7
2026-01-06,2026-06-30,12000,PE,0.0,0.0,0.0,20.0,0.05,0,325,0,26178.7
2026-01-06,2026-03-30,27850,PE,1305.95,1305.95,1300.55,1303.25,1303.25,2,65,-65,26178.7
2026-01-06,2026-03-30,27800,PE,1267.15,1267.15,1260.25,1263.7,1263.7,2,65,-65,26178.7
2026-01-06,2026-03-30,27350,PE,927.3,927.3,927.3,927.3,927.3,1,260,-65,26178.7
2026-01-06,2026-03-30,26500,PE,430.25,474.75,417.5,462.05,462.05,3003,299780,25935,26178.7
2026-01-06,2026-03-30,26050,PE,294.8,295.3,294.8,295.05,295.05,8,5135,-520,26178.7
2026-01-06,2026-03-30,25100,PE,0.0,0.0,0.0,253.9,119.95,0,0,0,26178.7
2026-01-06,2026-03-30,24600,PE,59.0,61.95,59.0,61.95,61.95,2,2730,0,26178.7
2026-01-06,2026-03-30,24400,PE,48.0,53.9,48.0,50.95,50.95,51,11245,1690,26178.7
2026-01-06,2026-03-30,24300,PE,44.95,45.3,44.95,45.3,45.3,10,28535,-455,26178.7
2026-01-06,2026-02-24,28000,PE,1541.3,1590.25,1541.3,1590.25,1656.35,8,455,455,26178.7
2026-01-06,2026-02-24,27550,PE,1169.55,1169.55,1162.35,1166.85,1166.85,3,130,65,26178.7
2026-01-06,2026-02-24,26000,PE,222.35,247.45,207.1,235.2,235.2,9273,1482000,-7345,26178.7
2026-01-06,2026-02-24,25700,PE,141.0,162.5,133.35,153.3,153.3,1530,271050,3510,26178.7
2026-01-06,2026-02-24,25650,PE,124.5,150.35,124.5,142.4,142.4,83,20540,3380,26178.7
2026-01-06,2026-02-24,24900,PE,45.35,50.2,42.25,47.6,47.6,721,206440,5980,26178.7
2026-01-06,2026-02-24,24700,PE,34.05,39.0,31.9,35.55,35.55,912,61880,-11375,26178.7
2026-01-06,2026-02-03,27800,PE,0.0,0.0,0.0,1515.2,1518.55,0,0,0,26178.7
2026-01-06,2026-02-03,27600,PE,0.0,0.0,0.0,1345.0,1329.4,0,0,0,26178.7
2026-01-06,2026-02-03,27200,PE,591.1,825.0,591.1,825.0,970.05,2,65,65,26178.7
2026-01-06,2026-02-03,26300,PE,266.3,299.3,243.55,285.85,285.85,335,10075,-325,26178.7
2026-01-06,2026-02-03,25600,PE,81.95,83.55,76.15,77.0,77.0,67,2860,2860,26178.7
2026-01-06,2026-02-03,24600,PE,16.7,16.7,14.6,14.6,5.7,11,2340,65,26178.7
2026-01-06,2030-12-31,27000,PE,0.0,0.0,0.0,779.5,555.9,0,0,0,26178.7
2026-01-06,2026-01-06,24400,CE,1820.0,1850.0,1767.0,1770.0,26178.7,10,195,-455,26178.7
2026-01-06,2026-01-06,25650,CE,614.95,623.35,482.3,526.1,26178.7,510,33995,-9685,26178.7
2026-01-06,2026-01-06,26950,CE,0.65,0.8,0.05,0.05,26178.7,228504,1160380,-119405,26178.7
2026-01-06,2026-01-06,27600,CE,0.45,0.65,0.05,0.1,26178.7,81702,969670,-328250,26178.7
2026-01-06,2026-01-13,24050,CE,0.0,0.0,0.0,2201.85,2154.05,0,195,0,26178.7
2026-01-06,2026-01-13,24450,CE,1760.4,1760.4,1740.95,1750.6,1750.6,3,390,130,26178.7
2026-01-06,2026-01-13,24900,CE,1345.0,1390.0,1286.5,1286.5,1305.05,7,2275,195,26178.7
2026-01-06,2026-01-13,25750,CE,552.3,576.05,446.75,467.2,467.2,624,12090,6500,26178.7
2026-01-06,2026-01-13,26950,CE,4.4,4.6,2.35,2.55,2.55,56265,598650,210080,26178.7
2026-01-06,2026-01-13,27900,CE,0.85,0.95,0.75,0.8,0.8,20932,674830,518960,26178.7
2026-01-06,2026-01-20,24700,CE,1549.65,1549.65,1543.35,1546.5,1546.5,2,65,0,26178.7
2026-01-06,2026-01-20,25800,CE,529.0,569.0,465.2,482.2,482.2,212,27105,1495,26178.7
2026-01-06,2026-01-20,25950,CE,412.5,423.65,350.0,361.5,361.5,135,9490,2405,26178.7
2026-01-06,2026-01-20,26350,CE,160.0,188.95,116.95,121.9,121.9,4482,134810,40365,26178.7
2026-01-06,2026-01-20,26900,CE,21.6,24.0,11.7,12.6,12.6,7887,210145,38545,26178.7
2026-01-06,2026-01-20,27250,CE,0.0,0.0,0.0,85.15,11.8,0,0,0,26178.7
2026-01-06,2026-01-20,27500,CE,3.35,4.0,2.75,3.05,3.05,4156,148525,84305,26178.7
2026-01-06,2026-01-20,27650,CE,0.0,0.0,0.0,43.0,2.15,0,0,0,26178.7
2026-01-06,2026-01-20,28050,CE,3.35,3.35,3.35,3.35,0.3,1,65,65,26178.7
2026-01-06,2026-01-27,23750,CE,2638.0,2638.0,2495.2,2530.2,2530.2,11,55705,65,26178.7
2026-01-06,2026-01-27,23900,CE,2430.0,2430.0,2400.0,2400.0,2354.25,5,3900,325,26178.7
2026-01-06,2026-01-27,24300,CE,1973.2,1973.2,1969.05,1971.15,1971.15,2,2340,65,26178.7
2026-01-06,2026-01-27,24700,CE,1562.6,1579.9,1562.0,1579.9,1560.15,23,7475,1105,26178.7
2026-01-06,2026-01-27,25350,CE,959.6,959.6,947.3,947.3,943.35,4,650,0,26178.7
2026-01-06,2026-01-27,25450,CE,860.3,860.3,860.3,860.3,855.45,1,1885,0,26178.7
2026-01-06,2026-01-27,25600,CE,784.5,825.55,699.6,722.6,722.6,575,96590,-8320,26178.7
2026-01-06,2026-01-27,27500,CE,7.95,9.15,5.65,6.15,6.15,20576,2335060,-176085,26178.7
2026-01-06,2026-02-03,24500,CE,0.0,0.0,0.0,1878.85,1785.85,0,0,0,26178.7
2026-01-06,2026-02-03,24800,CE,0.0,0.0,0.0,1605.8,1494.25,0,0,0,26178.7
2026-01-06,2026-02-03,25200,CE,0.0,0.0,0.0,1263.8,1120.75,0,0,0,26178.7
2026-01-06,2026-02-03,25300,CE,0.0,0.0,0.0,1183.3,1031.9,0,0,0,26178.7
2026-01-06,2026-02-03,25400,CE,0.0,0.0,0.0,1105.05,945.45,0,0,0,26178.7
2026-01-06,2026-02-03,25800,CE,0.0,0.0,0.0,770.55,631.0,0,715,0,26178.7
2026-01-06,2026-02-03,25850,CE,0.0,0.0,0.0,785.35,595.9,0,0,0,26178.7
2026-01-06,2026-02-03,26650,CE,204.4,209.15,165.0,171.4,171.4,228,8840,7020,26178.7
2026-01-06,2030-12-31,19500,PE,0.0,0.0,0.0,67.4,24.85,0,0,0,26178.7
2026-01-06,2029-12-24,19500,PE,0.0,0.0,0.0,61.2,21.35,0,0,0,26178.7
2026-01-06,2029-06-26,19500,PE,0.0,0.0,0.0,56.0,18.75,0,0,0,26178.7
2026-01-06,2028-06-27,22000,PE,0.0,0.0,0.0,470.05,74.35,0,325,0,26178.7
2026-01-06,2027-06-29,34500,PE,0.0,0.0,0.0,5880.15,5784.2,0,0,0,26178.7
2026-01-06,2027-06-29,24000,PE,0.0,0.0,0.0,5056.2,192.15,0,0,0,26178.7
2026-01-06,2026-01-20,25050,CE,1207.05,1207.05,1207.05,1207.05,1207.05,1,65,0,26178.7
2026-01-06,2026-01-20,25150,CE,1097.95,1097.95,1093.9,1093.9,1088.85,2,65,0,26178.7
2026-01-06,2026-01-20,25500,CE,810.5,860.0,718.9,760.2,760.2,49,6565,1560,26178.7
2026-01-06,2026-01-20,26100,CE,319.95,346.8,244.7,256.2,256.2,5076,133055,27365,26178.7
2026-01-06,2026-01-20,27150,CE,0.0,0.0,0.0,99.85,17.2,0,0,0,26178.7
2026-01-06,2026-01-20,27300,CE,6.4,6.4,3.5,3.95,3.95,2256,59345,24570,26178.7
2026-01-06,2026-01-27,24350,CE,0.0,0.0,0.0,1972.4,1906.35,0,130,0,26178.7
2026-01-06,2026-01-27,24650,CE,1685.0,1685.0,1685.0,1685.0,1609.3,1,130,65,26178.7
2026-01-06,2026-01-27,24950,CE,1346.7,1346.7,1346.7,1346.7,1316.6,1,130,0,26178.7
2026-01-06,2026-01-27,25750,CE,631.3,671.85,583.75,592.15,592.15,141,12220,-1820,26178.7
2026-01-06,2026-01-27,26300,CE,240.0,281.75,199.5,210.3,210.3,65082,2593825,410020,26178.7
2026-01-06,2026-01-27,26500,CE,149.8,176.75,117.2,123.5,123.5,72770,4394325,530920,26178.7
2026-01-06,2026-01-27,26900,CE,42.45,52.65,31.35,32.6,32.6,20299,1031550,14495,26178.7
2026-01-06,2026-01-27,27700,CE,5.5,8.25,4.15,4.5,4.5,3262,321880,19955,26178.7
2026-01-06,2026-02-03,24750,CE,0.0,0.0,0.0,1650.5,1542.4,0,0,0,26178.7
2026-01-06,2026-02-03,24950,CE,0.0,0.0,0.0,1474.15,1351.5,0,0,0,26178.7
2026-01-06,2026-02-03,26050,CE,505.05,505.05,469.6,489.4,489.4,16,1755,845,26178.7
2026-01-06,2026-02-03,26450,CE,276.35,303.5,247.3,257.05,257.05,58,5590,2665,26178.7
2026-01-06,2026-02-03,27450,CE,0.0,0.0,0.0,139.1,35.4,0,0,0,26178.7
2026-01-06,2026-02-03,27600,CE,0.0,0.0,0.0,113.0,24.3,0,0,0,26178.7
2026-01-06,2026-02-03,27850,CE,11.0,11.35,11.0,11.35,11.35,15,910,910,26178.7
2026-01-06,2026-02-24,24900,CE,1559.45,1559.45,1559.45,1559.45,1559.45,1,65,0,26178.7
2026-01-06,2026-02-24,25150,CE,1329.9,1329.9,1329.9,1329.9,1329.9,1,130,0,26178.7
2026-01-06,2026-02-24,26450,CE,419.6,458.25,386.55,396.05,396.05,279,13130,2730,26178.7
2026-01-06,2026-02-24,26900,CE,229.95,238.0,197.0,202.25,202.25,1468,101855,6890,26178.7
2026-01-06,2026-02-24,27050,CE,170.0,187.25,155.2,156.65,156.65,84,10465,325,26178.7
2026-01-06,2026-02-24,27650,CE,55.6,56.2,47.35,47.95,47.95,318,17875,-1300,26178.7
2026-01-06,2026-03-30,22000,CE,4582.75,4630.0,4506.1,4543.0,4543.0,46,312860,260,26178.7
2026-01-06,2026-03-30,24700,CE,0.0,0.0,0.0,1770.9,1852.2,0,0,0,26178.7
2026-01-06,2026-03-30,24800,CE,1827.0,1827.0,1827.0,1827.0,1764.5,1,65,65,26178.7
2026-01-06,2026-03-30,25000,CE,1730.0,1780.0,1673.7,1691.4,1691.4,122,565565,910,26178.7
2026-01-06,2026-03-30,26350,CE,726.0,738.3,683.75,683.75,656.7,8,650,-65,26178.7
2026-01-06,2026-03-30,26750,CE,451.75,451.75,451.75,451.75,451.75,1,1560,0,26178.7
2026-01-06,2026-03-30,26800,CE,439.0,480.45,421.5,428.65,428.65,691,45825,13520,26178.7
2026-01-06,2026-03-30,28050,CE,0.0,0.0,0.0,179.7,118.55,0,0,0,26178.7
2026-01-06,2026-06-30,23000,CE,3922.5,3939.0,3922.5,3939.0,3796.5,2,6240,130,26178.7
2026-01-06,2026-06-30,25000,CE,2262.6,2304.4,2178.75,2199.85,2199.85,191,89760,1560,26178.7
2026-01-06,2026-12-29,19000,CE,0.0,0.0,0.0,8500.0,8174.15,0,3795,0,26178.7
2026-01-06,2026-12-29,30000,CE,433.25,444.0,413.2,415.45,415.45,1453,244380,16890,26178.7
2026-01-06,2028-06-27,25500,CE,0.0,0.0,0.0,4676.6,4370.9,0,0,0,26178.7
2026-01-06,2028-06-27,33000,CE,0.0,0.0,0.0,2004.15,951.2,0,0,0,26178.7
2026-01-06,2028-12-26,28500,CE,0.0,0.0,0.0,3608.65,3145.15,0,0,0,26178.7
2026-01-06,2029-06-26,30000,CE,0.0,0.0,0.0,5268.4,2956.2,0,0,0,26178.7
2026-01-06,2029-12-24,31500,CE,0.0,0.0,0.0,3429.3,2816.65,0,0,0,26178.7
2026-01-06,2026-01-06,25600,PE,0.85,0.95,0.05,0.1,26178.7,984044,4361630,-1765530,26178.7
2026-01-06,2030-12-31,30000,CE,0.0,0.0,0.0,5227.2,4555.75,0,0,0,26178.7
2026-01-06,2030-12-31,21000,CE,0.0,0.0,0.0,10552.5,10271.95,0,0,0,26178.7
2026-01-06,2030-06-25,34500,CE,0.0,0.0,0.0,2879.05,2208.4,0,0,0,26178.7
2026-01-06,2030-06-25,31500,CE,0.0,0.0,0.0,3984.8,3322.9,0,0,0,26178.7
2026-01-06,2030-06-25,28500,CE,0.0,0.0,0.0,5382.85,4794.25,0,0,0,26178.7
2026-01-06,2029-12-24,19500,CE,0.0,0.0,0.0,10678.8,10522.6,0,0,0,26178.7
2026-01-06,2029-06-26,18000,CE,0.0,0.0,0.0,11678.65,11312.9,0,0,0,26178.7
2026-01-06,2028-12-26,33000,CE,0.0,0.0,0.0,2477.5,1357.7,0,0,0,26178.7
2026-01-06,2027-12-28,33000,CE,0.0,0.0,0.0,1554.15,588.55,0,0,0,26178.7
2026-01-06,2027-12-28,18000,CE,0.0,0.0,0.0,6285.7,10033.25,0,0,0,26178.7
2026-01-06,2026-12-29,28000,CE,1197.2,1232.85,1160.0,1167.65,1167.65,327,482745,1950,26178.7
2026-01-06,2026-12-29,26000,CE,2509.1,2520.0,2433.45,2438.1,2438.1,92,206630,2820,26178.7
2026-01-06,2026-12-29,24000,CE,4001.0,4027.5,4000.0,4020.0,4020.0,15,19385,845,26178.7
2026-01-06,2026-12-29,22000,CE,5750.0,5800.0,5750.0,5800.0,5354.4,4,5735,-105,26178.7
2026-01-06,2026-09-29,26000,CE,1987.5,1987.5,1900.0,1910.0,1910.0,15,21605,65,26178.7
2026-01-06,2026-03-30,29000,CE,25.25,25.25,20.25,20.65,20.65,1320,920395,10825,26178.7
2026-01-06,2026-03-30,27700,CE,169.25,169.25,133.0,133.95,133.95,160,5785,5785,26178.7
2026-01-06,2026-03-30,27500,CE,194.85,205.0,173.6,176.1,176.1,6314,650780,177580,26178.7
2026-01-06,2026-03-30,26400,CE,659.6,708.95,635.0,638.75,630.75,96,15470,4550,26178.7
2026-01-06,2026-03-30,26150,CE,809.4,816.0,790.4,790.4,767.2,15,2340,-260,26178.7
2026-01-06,2026-03-30,25350,CE,0.0,0.0,0.0,1398.3,1311.2,0,0,0,26178.7
2026-01-06,2026-02-24,27600,CE,62.1,66.55,51.8,52.35,52.35,1281,117390,31525,26178.7
2026-01-06,2026-02-24,27350,CE,95.6,105.85,86.55,88.05,88.05,149,10075,-910,26178.7
2026-01-06,2026-02-24,26700,CE,312.6,326.8,269.0,275.7,275.7,1336,317850,18525,26178.7
2026-01-06,2026-02-24,26350,CE,478.05,516.75,442.8,450.1,450.1,152,18395,5590,26178.7
2026-01-06,2026-02-24,26200,CE,600.15,609.75,522.9,535.1,535.1,1584,168285,21125,26178.7
2026-01-06,2026-02-24,25200,CE,1287.2,1287.2,1286.75,1287.0,1287.0,3,1625,-65,26178.7
2026-01-06,2026-02-24,25100,CE,1367.95,1374.7,1367.95,1371.35,1371.35,2,325,0,26178.7
2026-01-06,2026-02-24,24700,CE,1800.0,1800.0,1736.35,1736.35,1736.35,2,780,65,26178.7
2026-01-06,2026-02-03,27750,CE,0.0,0.0,0.0,91.05,16.35,0,0,0,26178.7
2026-01-06,2026-02-03,27400,CE,0.0,0.0,0.0,148.8,39.95,0,0,0,26178.7
2026-01-06,2026-02-03,27300,CE,0.0,0.0,0.0,169.8,50.5,0,0,0,26178.7
2026-01-06,2026-02-03,27000,CE,89.85,98.7,71.25,72.8,72.8,2629,131170,57330,26178.7
2026-01-06,2026-02-03,26200,CE,410.0,453.7,378.25,387.8,387.8,248,15080,7150,26178.7
2026-01-06,2026-02-03,25950,CE,0.0,0.0,0.0,571.5,528.9,0,975,0,26178.7
2026-01-06,2026-02-03,25550,CE,0.0,0.0,0.0,993.35,821.15,0,0,0,26178.7
2026-01-06,2026-02-03,24850,CE,0.0,0.0,0.0,1561.5,1446.4,0,0,0,26178.7
2026-01-06,2026-02-03,24400,CE,0.0,0.0,0.0,1972.2,1884.2,0,0,0,26178.7
2026-01-06,2026-02-03,24350,CE,0.0,0.0,0.0,2019.25,1933.5,0,0,0,26178.7
2026-01-06,2026-01-27,27250,CE,15.25,16.6,10.5,11.0,11.0,1421,82550,-11310,26178.7
2026-01-06,2026-01-27,26850,CE,56.05,61.65,37.4,38.4,38.4,5552,185900,9620,26178.7
2026-01-06,2026-01-27,26650,CE,97.1,114.4,72.75,75.55,75.55,6730,276055,520,26178.7
2026-01-06,2026-01-27,25400,CE,985.0,1015.0,887.8,904.4,904.4,70,24960,-845,26178.7
2026-01-06,2026-01-27,24750,CE,1543.9,1543.9,1543.9,1543.9,1543.9,1,520,0,26178.7
2026-01-06,2026-01-27,23850,CE,2433.1,2433.1,2433.1,2433.1,2433.1,1,65,0,26178.7
2026-01-06,2026-01-20,28100,CE,2.25,2.25,1.5,1.75,1.75,48,2860,2470,26178.7
2026-01-06,2026-01-20,27900,CE,1.6,2.4,1.6,1.95,1.95,159,42315,910,26178.7
2026-01-06,2026-01-20,27100,CE,9.55,10.85,5.75,6.5,6.5,1665,46995,39000,26178.7
2026-01-06,2026-01-20,26850,CE,0.0,0.0,0.0,156.75,47.95,0,0,0,26178.7
2026-01-06,2026-01-20,25250,CE,1010.3,1010.3,1010.3,1010.3,1010.3,1,65,0,26178.7
2026-01-06,2026-01-20,24550,CE,1698.6,1698.6,1692.25,1695.45,1695.45,2,65,0,26178.7
2026-01-06,2026-01-20,24350,CE,1892.15,1892.15,1892.15,1892.15,1892.15,1,65,0,26178.7
2026-01-06,2026-01-13,28000,CE,0.9,0.95,0.75,0.85,0.85,5335,218660,114725,26178.7
2026-01-06,2026-01-13,27100,CE,2.65,3.3,1.75,1.85,1.85,106359,1720680,218270,26178.7
2026-01-06,2026-01-13,26800,CE,7.25,9.0,3.75,4.15,4.15,216721,3856515,2242500,26178.7
2026-01-06,2026-01-13,26450,CE,48.0,67.0,26.35,27.65,27.65,280413,2259400,1478425,26178.7
2026-01-06,2026-01-13,26400,CE,60.0,86.7,36.4,38.2,38.2,435463,5088200,2420860,26178.7
2026-01-06,2026-01-13,25100,CE,1170.0,1170.0,1094.4,1106.3,1106.3,154,25025,8385,26178.7
2026-01-06,2026-01-13,24650,CE,1552.4,1552.4,1552.4,1552.4,1554.7,1,455,0,26178.7
2026-01-06,2026-01-06,27650,CE,0.55,0.7,0.05,0.1,26178.7,17178,148265,3055,26178.7
2026-01-06,2026-01-06,27550,CE,0.5,0.65,0.05,0.1,26178.7,32783,212810,73580,26178.7
2026-01-06,2026-01-06,26800,CE,0.8,0.95,0.05,0.1,26178.7,1109288,4195815,-3736200,26178.7
2026-01-06,2026-01-06,26700,CE,0.9,1.1,0.05,0.1,26178.7,1561694,6377475,-1670565,26178.7
2026-01-06,2026-01-06,26650,CE,1.0,1.25,0.05,0.1,26178.7,941516,4640610,-104195,26178.7
2026-01-06,2026-01-06,26550,CE,1.25,1.85,0.05,0.1,26178.7,1274613,3801850,-3483285,26178.7
2026-01-06,2026-01-06,25700,CE,565.3,574.7,431.55,475.3,26178.7,3036,55055,-29510,26178.7
2026-01-06,2026-01-06,24850,CE,1318.0,1318.0,1298.0,1298.0,26178.7,7,390,-260,26178.7
2026-01-06,2026-01-06,24800,CE,1454.75,1460.9,1345.35,1373.1,26178.7,22,2340,-65,26178.7
2026-01-06,2026-02-03,27300,PE,0.0,0.0,0.0,1103.9,1056.85,0,0,0,26178.7
2026-01-06,2026-02-03,25700,CE,0.0,0.0,0.0,861.85,704.25,0,845,0,26178.7
2026-01-06,2026-01-27,26150,CE,342.0,377.0,281.3,295.75,295.75,8886,206180,51480,26178.7
2026-01-06,2026-01-27,25650,CE,649.4,688.95,649.4,675.7,675.7,163,3510,-65,26178.7
2026-01-06,2026-01-27,24900,CE,1455.05,1455.05,1387.1,1387.7,1387.7,22,2405,195,26178.7
2026-01-06,2026-01-27,24850,CE,1446.55,1446.55,1446.55,1446.55,1413.4,1,65,0,26178.7
2026-01-06,2026-01-27,24100,CE,2270.0,2270.0,2270.0,2270.0,2155.05,1,1430,-65,26178.7
2026-01-06,2026-01-27,24000,CE,2375.0,2379.4,2250.0,2281.5,2281.5,291,967525,-7930,26178.7
2026-01-06,2026-01-20,27800,CE,2.1,2.95,1.85,2.05,2.05,288,20930,11245,26178.7
2026-01-06,2026-01-20,26500,CE,95.25,115.8,66.55,69.2,69.2,19066,477620,176085,26178.7
2026-01-06,2026-01-20,25450,CE,815.25,815.25,810.7,813.0,813.0,2,65,0,26178.7
2026-01-06,2026-01-20,24650,CE,1599.3,1599.3,1592.95,1596.15,1596.15,2,65,0,26178.7
2026-01-06,2026-01-20,24300,CE,1937.25,1937.25,1937.25,1937.25,1929.95,1,65,0,26178.7
2026-01-06,2026-01-13,27850,CE,0.8,1.15,0.75,0.9,0.9,430,6565,1755,26178.7
2026-01-06,2026-01-13,27750,CE,1.2,1.2,0.8,0.85,0.85,788,30290,-650,26178.7
2026-01-06,2026-01-13,25650,CE,610.25,675.0,541.85,563.45,563.45,127,3965,1170,26178.7
2026-01-06,2026-01-13,25550,CE,697.0,745.7,650.0,663.15,663.15,18,1690,195,26178.7
2026-01-06,2026-01-13,25200,CE,1053.1,1097.35,985.6,1006.6,1006.6,174,17550,5265,26178.7
2026-01-06,2026-01-13,24400,CE,1800.0,1805.0,1800.0,1805.0,1804.4,2,390,130,26178.7
2026-01-06,2026-01-13,24250,CE,2010.25,2034.7,1950.2,1955.25,1955.25,4,325,130,26178.7
2026-01-06,2026-01-06,27900,CE,0.4,0.55,0.05,0.1,26178.7,91870,1665235,-641420,26178.7
2026-01-06,2026-01-06,27850,CE,0.45,0.65,0.05,0.1,26178.7,12733,129415,-7605,26178.7
2026-01-06,2026-01-06,27000,CE,0.7,0.8,0.05,0.05,26178.7,1213382,9224865,-672815,26178.7
2026-01-06,2026-01-06,26450,CE,2.4,3.3,0.05,0.1,26178.7,2564595,4112225,-3448120,26178.7
2026-01-06,2026-01-06,25550,CE,665.05,724.4,581.85,624.65,26178.7,694,9815,-9945,26178.7
2026-01-06,2026-01-06,25200,CE,1007.0,1074.2,931.15,978.9,26178.7,383,7150,-7215,26178.7
2026-01-06,2029-06-26,34500,CE,0.0,0.0,0.0,1895.7,1366.85,0,0,0,26178.7
2026-01-06,2029-12-24,22500,CE,0.0,0.0,0.0,8486.15,8205.05,0,0,0,26178.7
2026-01-06,2026-01-06,24450,PE,0.65,0.7,0.05,0.1,26178.7,8388,119275,29380,26178.7
2026-01-06,2026-01-06,25350,PE,0.8,0.9,0.05,0.1,26178.7,172087,1139515,40430,26178.7
2026-01-06,2026-01-13,24850,PE,4.5,4.5,1.75,1.95,1.95,2618,48620,11310,26178.7
2026-01-06,2026-01-13,25250,PE,4.85,4.85,2.6,2.8,2.8,23671,280605,131040,26178.7
2026-01-06,2026-01-13,25700,PE,13.45,14.6,7.05,7.65,7.65,219503,5551130,4246840,26178.7
2026-01-06,2030-06-25,24000,CE,0.0,0.0,0.0,8591.55,7625.2,0,0,0,26178.7
2026-01-06,2026-01-13,26250,PE,123.6,152.0,92.45,131.4,131.4,264195,1166490,351390,26178.7
2026-01-06,2026-01-13,26850,PE,597.1,656.5,560.0,641.45,641.45,23,1495,0,26178.7
